lam	POLY1	POLY2	POLY3	POLY4	POLY5	POLY6	POLY7	POLY8	POLY9	POLY11
1800	76.36504364	89.36142731	89.69339752	88.91389465	76.31303406	85.53694153	88.50791168	88.45380402	89.75122833	87.23615265
1796	76.18209839	89.40422821	89.71349335	88.97400665	76.30603027	85.58612061	88.57830811	88.43817139	89.75673676	87.30184174
1792	76.00276184	89.45723724	89.75075531	89.0483551	76.31517792	85.65176392	88.67227173	88.43641663	89.78022003	87.38039398
1788	75.82575989	89.50722504	89.76541138	89.10170746	76.30755615	85.69340515	88.74976349	88.41790771	89.78302765	87.4438858
1784	75.6618576	89.55166626	89.7826767	89.16391754	76.29518127	85.74242401	88.83163452	88.39724731	89.78781891	87.50443268
1780	75.47701263	89.56614685	89.7720108	89.20768738	76.26663208	85.77384949	88.88373566	88.3495636	89.77011108	87.54104614
1776	75.29523468	89.59466553	89.77719116	89.25710297	76.23041534	85.81249237	88.94734192	88.30870819	89.77019501	87.58539581
1772	75.14563751	89.62833405	89.77415466	89.32177734	76.2032547	85.86410522	89.02907562	88.28281403	89.7816925	87.64537811
1768	74.99086761	89.64653778	89.77248383	89.37725067	76.15815735	85.90142822	89.09608459	88.22939301	89.78407288	87.68650055
1764	74.82299805	89.65692139	89.7687912	89.42559052	76.11553955	85.93257904	89.15707397	88.17523956	89.77605438	87.72597504
1760	74.66752625	89.68157196	89.77110291	89.48866272	76.0920105	85.98596191	89.22717285	88.14586639	89.7718811	87.77024078
1756	74.50148773	89.69438934	89.7526474	89.52997589	76.07218933	86.01849365	89.2735672	88.09033966	89.75401306	87.81227112
1752	74.35076141	89.71439362	89.75351715	89.58158875	76.03643799	86.06169891	89.3303833	88.04995728	89.73627472	87.84739685
1748	74.18928528	89.72972107	89.74458313	89.63473511	76.00863647	86.10489655	89.37850952	88.02363586	89.71948242	87.89412689
1744	74.02996063	89.7461319	89.74732971	89.69693756	75.96505737	86.16353607	89.43081665	87.99692535	89.70069885	87.94112396
1740	73.87758636	89.76744843	89.74520874	89.75632477	75.93190765	86.19753265	89.47543335	87.9641037	89.66082001	87.97639465
1736	73.70659637	89.77812958	89.72978973	89.81784821	75.90487671	86.24169922	89.54043579	87.94221497	89.63043976	88.02021027
1732	73.52462769	89.7954483	89.72921753	89.86723328	75.8637085	86.29795837	89.6071701	87.91647339	89.61144257	88.05131531
1728	73.34103394	89.79088593	89.71477509	89.91158295	75.80780029	86.33301544	89.64575195	87.88491821	89.56826019	88.08755493
1724	73.18523407	89.81685638	89.72262573	89.9887619	75.77968597	86.39350891	89.70643616	87.866745	89.54627228	88.12703705
1720	73.00485229	89.82098389	89.71535492	90.02934265	75.72384644	86.43873596	89.75952911	87.82304382	89.49803162	88.15086365
1716	72.82407379	89.83055115	89.72136688	90.09526825	75.6709671	86.50132751	89.8141861	87.79736328	89.47251129	88.19256592
1712	72.66337585	89.86182404	89.73645782	90.17601776	75.64938354	86.5736084	89.8677063	87.78050995	89.45572662	88.2461319
1708	72.49812317	89.86827087	89.71579742	90.23433685	75.61421204	86.61159515	89.9032135	87.74323273	89.42973328	88.26329041
1704	72.35256958	89.88555145	89.71431732	90.28122711	75.58849335	86.65893555	89.9628067	87.70776367	89.4012146	88.27371979
1700	72.18154144	89.90138245	89.69361115	90.32428741	75.56874084	86.69337463	90.03068542	87.66843414	89.34990692	88.31010437
1696	72.00750732	89.92471313	89.67547607	90.37792969	75.54660797	86.73845673	90.11065674	87.63344574	89.30551147	88.3532486
1692	71.83634949	89.93906403	89.66327667	90.42528534	75.52779388	86.79260254	90.17325592	87.59120178	89.27355957	88.36743927
1688	71.66365051	89.94773102	89.65346527	90.480896	75.51216888	86.83222198	90.22874451	87.55339813	89.23751068	88.36188507
1684	71.48933411	89.95402527	89.62850952	90.53128815	75.50069427	86.87072754	90.28646088	87.51636505	89.20885468	88.35914612
1680	71.31491089	89.96616364	89.61480713	90.58539581	75.47570801	86.9043808	90.33550262	87.46876526	89.15533447	88.36509705
1676	71.18202972	89.97374725	89.59508514	90.66817474	75.4560318	86.93991089	90.42558289	87.4352417	89.12486267	88.39241028
1672	71.09963989	89.99169922	89.64469147	90.72983551	75.50538635	87.02236176	90.55835724	87.43126678	89.10122681	88.42815399
1668	70.86379242	90.00718689	89.71730804	90.68896484	75.57151794	87.12230682	90.49423981	87.40932465	89.06367493	88.43434906
1664	70.47264862	89.97116852	89.70102692	90.77618408	75.64827728	87.23646545	90.45556641	87.38483429	88.99484253	88.46589661
1660	70.54030609	89.95979309	89.51119232	91.01616669	75.50764465	87.1332016	90.87359619	87.2141037	88.93330383	88.45996857
1656	70.811203	90.08576965	89.47554016	91.00222015	75.30851746	87.03403473	90.8249054	87.12414551	89.04351807	88.50841522
1652	69.98913574	90.01490784	89.78285217	90.8134079	75.35540771	87.19931793	90.44524384	87.24604034	88.82109833	88.55718231
1648	69.73088074	89.95641327	89.9323349	91.26078796	75.79747772	87.59680939	91.28559875	87.46363831	88.89609528	88.70088196
1644	70.57199097	90.13951111	89.39424896	91.15982056	75.77189636	87.40083313	90.70034027	87.1349411	88.86135101	88.83857727
1640	69.31812286	90.00115967	89.58670807	91.03475189	75.20787811	87.15142059	91.0402832	86.93744659	88.74169922	88.84809875
1636	69.80764008	90.0627594	90.01918793	91.55717468	75.52307129	87.67805481	91.27838898	87.34735107	88.87041473	88.62496185
1632	69.78839111	90.12471771	89.38344574	91.06329346	75.93597412	87.62944031	90.80781555	87.14527893	88.57915497	88.40481567
1628	69.0568924	89.99473572	89.77205658	91.66075897	75.21513367	87.3147049	91.45602417	86.85186768	88.76613617	88.72438049
1624	69.80461121	90.18062592	89.8380127	91.26958466	75.6521225	87.94297028	91.00305939	87.33596802	88.57740021	88.93089294
1620	68.64847565	90.00222015	89.42785645	91.78588104	75.76065063	87.45740509	91.50649261	86.8116684	88.61351776	88.59804535
1616	69.56456757	90.16139984	90.00746918	91.36206055	75.23358154	87.82463837	91.3588562	87.06715393	88.57134247	88.50994873
1612	68.47433472	89.98480225	89.29837799	91.88473511	75.9747467	87.72312164	91.23246765	86.9214859	88.34922028	88.89345551
1608	69.02674103	90.12253571	90.03129578	91.45187378	75.21643066	87.79025269	91.94535065	86.85004425	88.57000732	88.53466034
1604	68.68959045	90.06560516	89.33602142	92.01870728	75.96388245	87.93014526	91.11612701	87.02058411	88.32754517	88.59809875
1600	68.16093445	90.01431274	90.02371216	91.71529388	75.27844238	87.87423706	91.92727661	86.75648499	88.26863098	88.78878021
1596	69.17798615	90.16017151	89.36221313	91.78696442	76.00618744	87.86335754	91.94895935	86.83938599	88.40620422	88.40434265
1592	67.82710266	89.96762848	89.8908844	92.17794037	75.26045227	88.16429138	91.30499268	86.89582062	88.25672913	88.80294037
1588	68.1288147	90.00209808	89.65898895	91.86838531	76.01529694	87.75656891	91.91509247	86.5765686	88.06733704	88.34168243
1584	68.87390137	90.13772583	89.42417908	91.94216919	75.47293091	88.36050415	92.35631561	87.04904938	88.12115479	88.72333527
1580	67.82918549	89.99187469	90.04273224	92.34548187	75.67094421	88.00830841	91.91871643	86.50920105	88.19826508	88.37573242
1576	67.32930756	89.90673065	89.59881592	92.30158234	76.03204346	87.96615601	91.57368469	86.65181732	88.13530731	88.45731354
1572	68.16432953	89.99223328	89.41240692	92.03659058	75.3468399	88.46625519	91.82697296	86.91524506	87.91596222	88.5440979
1568	68.52657318	90.04982758	89.94673157	92.12591553	75.74608612	88.17513275	92.32926941	86.4145813	87.76927948	88.10333252
1564	67.91631317	89.98678589	89.85147095	92.41995239	76.09909058	87.95933533	92.59823608	86.43379974	87.71727753	88.45823669
1560	67.12952423	89.85630798	89.39632416	92.6183548	75.57803345	88.36730957	92.53944397	86.82850647	87.68128967	88.41898346
1556	66.94459534	89.81233978	89.43880463	92.65753937	75.49152374	88.65541077	92.42576599	86.77108002	87.70054626	88.05049133
1552	66.99788666	89.78305817	89.72429657	92.64361572	75.82756042	88.51306152	92.41191864	86.43869019	87.60232544	87.97885132
1548	67.3287735	89.82100677	90.03938293	92.61103058	76.20760345	88.22455597	92.31962585	86.23906708	87.58882904	88.27346039
1544	67.55230713	89.80254364	89.99433136	92.57670593	76.08113098	88.12789154	92.319664	86.33473206	87.47666168	88.32991791
1540	67.69168091	89.81185913	89.85128021	92.62533569	75.81672668	88.28235626	92.41832733	86.57653046	87.4197998	88.17077637
1536	67.62111664	89.75	89.69944	92.66769409	75.62506866	88.39873505	92.57170868	86.66704559	87.26963043	87.92028809
1532	67.49597931	89.71916199	89.62625885	92.79254913	75.60700989	88.54685974	92.82859039	86.73046875	87.21862793	87.76963043
1528	67.37766266	89.69206238	89.56501007	92.89218903	75.66921997	88.70531464	93.00608063	86.75380707	87.22715759	87.62628174
1524	67.0933075	89.58542633	89.5013504	92.95214081	75.71976471	88.72714996	93.05609131	86.67511749	87.19377899	87.49036407
1520	66.72312927	89.55496216	89.59228516	93.12628174	75.77352905	88.75536346	92.9185257	86.69371796	87.25379944	87.4768219
1516	66.59295654	89.52463531	89.61450195	93.15838623	75.79560852	88.73223877	92.61608124	86.65202332	87.1306839	87.37908173
1512	66.86840057	89.5957489	89.79865265	93.09696198	75.79805756	88.66719818	92.49113464	86.68717194	86.95653534	87.4043808
1508	67.6781311	89.63021088	89.98351288	92.94733429	75.76112366	88.47186279	92.93288422	86.56996155	86.83046722	87.48231506
1504	67.94660187	89.59281158	90.09979248	93.04294586	75.84306335	88.42644501	93.28279114	86.45832062	86.96097565	87.59712982
1500	67.14569855	89.36477661	89.94724274	93.27832794	76.05726624	88.44095612	92.79537201	86.15135193	86.78825378	87.5391922
1496	66.64344025	89.3796463	89.69765472	93.37442017	76.37264252	88.75844574	92.76906586	86.06606293	86.67327118	87.2911377
1492	67.67730713	89.48275757	89.53103638	93.12670898	76.51280975	88.97766113	93.36676025	86.22449493	86.74892426	86.89787292
1488	67.72186279	89.30873871	89.92852783	93.35741425	76.26428223	88.78173065	92.85656738	86.57144165	86.53232574	87.14549255
1484	66.73782349	89.21333313	90.13934326	93.4727478	76.01881409	88.52090454	93.11999512	86.48872375	86.54425812	87.26968384
1480	67.75786591	89.36611938	89.72138977	93.26284027	76.21730804	88.69251251	93.35012817	86.07053375	86.49555969	86.76584625
1476	67.40014648	89.07312012	89.74185944	93.5306015	76.61401367	88.98733521	92.95732117	86.25541687	86.35255432	86.87039185
1472	67.14608765	89.19044495	90.20084381	93.42279816	76.36262512	88.62219238	93.48086548	86.58764648	86.32830048	86.95661163
1468	68.06985474	89.06006622	89.66567993	93.5771637	76.25071716	88.75909424	93.00682831	86.06558228	86.24626923	86.46366882
1464	67.21557617	89.05480194	90.00019073	93.47877502	76.73721313	88.9561615	93.4487915	86.38469696	86.15274048	86.87574768
1460	68.17873383	88.90579224	89.91416931	93.60264587	76.25914764	88.491539	93.17725372	86.37677765	86.12021637	86.22351837
1456	67.63111115	88.9890213	89.89016724	93.51526642	76.67877197	89.04302979	93.16545105	86.14454651	85.95893097	86.67663574
1452	67.88657379	88.73951721	90.03778076	93.73973083	76.48343658	88.54275513	93.63191223	86.52042389	85.96081543	86.21182251
1448	68.51742554	88.87178802	89.94513702	93.54946136	76.65703583	89.00485229	93.16560364	86.11967468	85.89976501	86.20429993
1444	67.54374695	88.71923828	89.86692047	93.59731293	76.49620056	88.57307434	93.16893768	86.41244507	85.78379059	86.48355865
1440	68.42218781	88.53352356	90.22021484	93.78083038	76.83214569	88.92331696	93.62132263	86.3224411	85.68867493	85.96743774
1436	68.84914398	88.69406128	89.76824951	93.6924057	76.49330139	88.79254913	93.52870941	86.24555969	85.71278381	85.96466064
1432	68.14304352	88.55861664	90.08890533	93.55323029	76.8837204	88.52832794	93.19020844	86.58567047	85.5996933	86.13930511
1428	68.10858154	88.28439331	90.11030579	93.65122986	76.62161255	88.91708374	93.07307434	86.07321167	85.48004913	86.03227997
1424	68.92713928	88.24112701	89.81625366	93.79714966	76.62358856	88.77819824	93.25914764	86.27217865	85.43869019	85.83258057
1420	69.52651978	88.27898407	89.97203827	93.76441193	76.99510956	88.49564362	93.4394455	86.64810181	85.31614685	85.53200531
1416	69.53029633	88.25764465	90.23539734	93.68029022	76.89481354	88.65179443	93.50698853	86.41630554	85.19802856	85.42784119
1412	69.40116882	88.23268127	90.27713776	93.65656281	76.69448853	88.89632416	93.53990936	86.18506622	85.14312744	85.39051056
1408	69.32776642	88.16708374	90.09363556	93.62314606	76.74249268	88.87083435	93.5398941	86.22823334	85.09833527	85.37633514
1404	69.46159363	88.11138153	90.01855469	93.63736725	76.93774414	88.759758	93.48981476	86.45037079	85.06439209	85.34269714
1400	69.79376984	88.08475494	90.01324463	93.73320007	77.12648773	88.7586441	93.44052124	86.66299438	85.11199951	85.44779205
1396	70.04415131	88.04042816	90.05458069	93.77695465	77.23834991	88.64263153	93.40533447	86.80652618	85.0981369	85.67480469
1392	70.53556824	87.82866669	89.9084549	93.66578674	77.21168518	88.46789551	93.01141357	86.75609589	84.83966064	85.60482025
1388	71.03847504	87.93869019	90.21964264	93.93386078	77.39245605	88.68463898	93.33350372	86.9723053	84.96040344	85.79685974
1384	71.25013733	87.57467651	90.13027954	93.77583313	77.33893585	88.60570526	93.44030762	86.95533752	84.76735687	85.41252899
1380	70.68733978	87.22491455	90.0168457	93.46087646	77.19970703	88.56538391	93.3720932	86.78330994	84.59409332	85.01808929
1376	70.66395569	87.47695923	90.39125061	93.57289886	77.39993286	88.83240509	93.22177887	86.89173126	84.75926208	85.58007813
1372	71.28952789	87.70102692	90.74808502	93.76391602	77.42845154	89.04039001	93.21221924	86.76939392	84.68592072	85.45740509
1368	72.10921478	87.03229523	90.31327057	93.37006378	76.9197464	88.54629517	93.1546402	86.30636597	84.29920959	84.89089966
1364	71.70400238	87.12743378	90.30970764	93.47187805	77.21366882	88.66545868	93.05371857	86.95079803	84.57543182	85.596138
1360	71.96611786	87.31602478	90.41395569	93.57919312	77.42881775	88.64756775	93.32015228	87.25756073	84.51241302	85.22479248
1356	72.95664215	86.95315552	90.78383636	93.46887207	77.50174713	88.96048737	93.03227234	86.95687866	84.46421051	85.47566986
1352	72.20355225	87.03182983	90.39212799	93.33705902	77.23918915	88.66466522	93.12451172	86.81672668	84.35017395	85.39506531
1348	73.62138367	86.75662231	90.48084259	93.29727936	77.33764648	88.51806641	92.76751709	87.26552582	84.22354126	85.16040802
1344	72.79972076	86.84269714	90.75648499	93.21298218	77.49760437	88.86856079	93.15538025	87.02735138	84.30208588	85.61411285
1340	74.18627167	86.51142883	90.42411041	93.12290192	77.26808929	88.49532318	92.58546448	87.17585754	84.15490723	85.43364716
1336	73.6193924	86.72846985	90.82376099	93.17066956	77.5546875	88.87626648	92.86460114	87.26641846	84.13793945	85.22916412
1332	74.29769897	86.36418152	90.49936676	92.90174866	77.32131958	88.52703094	92.94799805	87.20717621	84.16114807	85.36212158
1328	75.04197693	86.29691315	90.79442596	92.92250061	77.53523254	88.87984467	92.45391083	87.34075165	84.08544159	85.56778717
1324	74.52568817	86.41807556	90.73614502	92.91678619	77.30976105	88.55871582	92.3247757	87.53952026	83.9842453	85.67419434
1320	74.84358215	86.18082428	90.56394196	92.65364838	77.43022156	88.68202972	92.49835968	87.18367004	83.87504578	85.73606873
1316	75.86717224	85.91633606	90.91612244	92.49165344	77.41441345	88.82553101	92.64026642	87.65938568	83.86979675	85.7813797
1312	76.40380096	85.80927277	90.92566681	92.41226196	77.29858398	88.61933136	92.59684753	87.72141266	83.86739349	85.76076508
1308	76.52497864	85.79876709	90.68499756	92.38558197	77.37941742	88.60939789	92.4731369	87.42867279	83.84922791	85.73186493
1304	76.68254089	85.73025513	90.67133331	92.26633453	77.41801453	88.74886322	92.34181976	87.49800873	83.74004364	85.52841187
1300	76.77929688	85.68675232	90.84263611	92.18399811	77.35009003	88.89454651	92.25061798	87.8307724	83.72041321	85.56601715
1296	77.21102142	85.53362274	90.92493439	91.98191071	77.25813293	88.89846039	92.16099548	87.98703766	83.66362	85.9176712
1292	77.67086029	85.3953476	90.99705505	91.82816315	77.18373871	88.87147522	91.9355545	88.09397125	83.69523621	85.96805573
1288	78.17098999	85.19304657	91.03547668	91.59442902	77.10484314	88.84358215	91.51238251	88.12238312	83.7154541	85.6880188
1284	78.67667389	85.03837585	91.0567627	91.38822937	77.06138611	88.85471344	91.13497925	88.18061066	83.72555542	86.08139038
1280	78.6837616	85.05628967	90.95898438	91.28192902	77.02341461	88.93546295	91.36724854	88.2443924	83.57273865	85.83642578
1276	78.45973969	85.12039185	90.89920807	91.25457764	77.01331329	88.98991394	91.51995087	88.29637146	83.61710358	86.15412903
1272	78.90302277	84.93170166	90.86959076	91.02072906	77.03926849	89.00527191	90.79135895	88.24835205	83.6661911	85.91848755
1268	79.88751221	84.61526489	91.01058197	90.67550659	77.06562042	88.84039307	90.99549866	88.07888794	83.52964783	86.27227783
1264	79.58344269	84.78237152	91.18726349	90.68577576	76.98154449	88.8345871	90.87866211	88.15957642	83.67192841	86.1628952
1260	79.97007751	84.47145844	91.03599548	90.31580353	76.75276184	89.07804871	90.45569611	88.54812622	83.49723053	86.04254913
1256	80.54178619	84.44930267	90.94425201	90.19366455	76.69880676	89.115448	90.56895447	88.53074646	83.64245605	86.26057434
1252	80.34159851	84.27066803	91.18430328	89.88705444	76.77796173	88.95427704	90.31103516	88.31996155	83.56604767	86.38327026
1248	80.84951782	84.31613159	90.9537735	89.82275391	76.47719574	89.24668121	89.75441742	88.77303314	83.4956131	86.45729065
1244	81.16002655	83.9713974	91.22415161	89.35432434	76.58864594	89.07499695	90.24623108	88.47444153	83.66342926	86.48082733
1240	80.87348175	84.12130737	90.98986816	89.32013702	76.32479858	89.33883667	89.83335114	88.89330292	83.64681244	86.49198151
1236	81.56438446	83.98206329	91.20693207	89.08441925	76.42606354	89.18403625	89.27075958	88.57709503	83.60959625	86.42967224
1232	81.97596741	83.66582489	91.09207916	88.66052246	76.06128693	89.32990265	88.97930908	88.92171478	83.54534149	86.34868622
1228	81.76451111	83.53993988	90.99999237	88.33282471	76.1734848	89.46295929	88.95275879	88.96514893	83.5585022	86.22651672
1224	81.58677673	83.53572845	91.18525696	88.08217621	76.04950714	89.36363983	88.92138672	88.77109528	83.56075287	86.29917145
1220	81.68234253	83.5157547	91.25304413	87.88306427	75.74493408	89.45087433	88.77606964	88.99282837	83.61988068	86.50876617
1216	81.78418732	83.40699768	91.14176941	87.57627106	75.62173462	89.55379486	88.43856812	89.17726898	83.65188599	86.20659637
1212	81.84353638	83.31436157	91.07615662	87.27598572	75.67086792	89.69926453	88.09132385	89.2851944	83.7677536	86.38954926
1208	81.85792542	83.15478516	91.03468323	86.9154129	75.61392212	89.76435089	87.68797302	89.27304077	83.8758316	86.18096924
1204	81.96704102	82.97433472	91.05812073	86.55088806	75.50506592	89.84223175	87.75411224	89.32071686	83.84642792	86.38127899
1200	82.1469574	82.81267548	91.02097321	86.24674988	75.35975647	89.87406158	87.9329834	89.31193542	83.77020264	86.05955505
1196	82.45310974	82.86265564	91.05401611	86.082901	75.2113266	89.93305206	87.52087402	89.42835999	83.96434784	86.1714325
1192	82.00271606	82.8861084	91.15061188	85.70358276	74.96015167	89.89595795	86.83421326	89.51657867	83.93914032	86.20524597
1188	81.60751343	82.57909393	91.11091614	85.1882782	74.64232635	89.90362549	87.3367157	89.43301392	84.02867126	86.09387207
1184	82.10224152	82.64832306	90.91584015	85.08288574	74.38964081	90.02307892	86.26354218	89.25384521	84.01943207	85.9426651
1180	81.25429535	82.45449066	90.9821167	84.44759369	74.48230743	90.15671539	86.79483032	89.47910309	84.2207489	85.79484558
1176	81.6463623	82.48516846	91.02563477	84.35108948	74.35124207	90.08022308	85.94255066	89.61749268	84.13744354	85.7951889
1172	80.71674347	82.22421265	90.88331604	83.69972992	73.90842438	90.23683929	85.82402802	89.39402008	84.27996826	85.79586792
1168	81.03218079	82.3427887	90.9808197	83.49623871	74.08492279	90.14291382	86.05383301	89.69843292	84.45104218	85.73432159
1164	80.44999695	82.13526917	90.81878662	83.08744049	73.54925537	90.29016876	85.29125977	89.44015503	84.4679184	85.55928802
1160	79.73065186	82.00294495	90.84422302	82.54414368	73.74094391	90.20656586	84.82772827	89.72081757	84.49724579	85.25326538
1156	79.63672638	82.02949524	90.87724304	82.13956451	73.19541931	90.36416626	84.59812164	89.57345581	84.53410339	85.38548279
1152	79.43928528	82.00881195	90.71292877	81.79319763	73.16587067	90.33792877	84.39492798	89.50481415	84.63784027	85.14287567
1148	79.02818298	81.95761871	90.64717102	81.38516998	73.19431305	90.26290131	84.0559082	89.68200684	84.77371216	85.14901733
1144	78.50817108	81.87824249	90.65644073	80.93099976	72.8867569	90.22969818	83.7226181	89.78377533	84.95585632	84.84934235
1140	77.88824463	81.78127289	90.63902283	80.44392395	72.5690155	90.22722626	83.61644745	89.7556839	85.08416748	84.90894318
1136	77.17967224	81.68074799	90.59408569	79.92002869	72.25453186	90.19611359	83.71968842	89.69284058	85.07589722	84.81484985
1132	76.23358154	81.54058838	90.48204041	79.50143433	72.05815125	90.11655426	83.54551697	89.67134094	85.15629578	84.57049561
1128	75.71173096	81.57323456	90.36716461	79.18573761	71.89497375	90.0262146	82.62612152	89.66802979	85.36299133	84.38642883
1124	75.52606201	81.57558441	90.32400513	78.65988159	71.82025909	89.99357605	82.87995148	89.61128998	85.36694336	84.27464294
1120	74.43067169	81.41616058	90.27328491	78.0646286	71.78868103	89.97126007	82.34083557	89.43125153	85.58287811	84.1633606
1116	73.93321991	81.50974274	90.28194427	77.77141571	71.57052612	89.88729095	82.39025879	89.36231995	85.63967896	84.23796844
1112	73.16589355	81.37579346	90.12875366	77.13257599	71.13837433	89.64588928	81.61321259	89.51166534	85.81607056	84.23438263
1108	72.56243896	81.45031738	90.14239502	76.76725006	71.1859436	89.6756134	81.92251587	89.37610626	85.97839355	84.05125427
1104	71.36326599	81.37985229	89.99191284	76.2886734	70.94715118	89.35266876	81.54605103	89.34663391	86.09077454	83.88512421
1100	70.89875793	81.3172226	89.97518921	75.67224121	70.80549622	89.32313538	80.95777893	89.19955444	86.18701172	83.99899292
1096	70.35888672	81.33374786	89.82876587	75.15905762	70.45889282	88.99736786	80.59638977	89.30390167	86.31089783	83.80599213
1092	69.49885559	81.34764099	89.73625183	74.68551636	70.56918335	88.73944855	80.2520752	89.02748871	86.42850494	83.76602936
1088	68.64697266	81.36260986	89.69289398	74.19975281	70.26145935	88.59643555	80.05002594	88.95188904	86.60560608	83.84165192
1084	67.88421631	81.34250641	89.60374451	73.66947937	69.95352173	88.34965515	79.99732208	88.93684387	86.77163696	83.78613281
1080	67.11953735	81.34165192	89.50862885	73.11660004	69.78520966	88.02033997	79.9585495	88.92646027	86.86289978	83.67557526
1076	66.26370239	81.33390808	89.41416168	72.59806824	69.6447525	87.67758942	79.68514252	88.8285141	86.93391418	83.66558838
1072	65.1749115	81.41439056	89.33615875	72.16153717	69.52218628	87.35908508	79.02811432	88.72610474	87.18076324	83.7157135
1068	64.2980957	81.45071411	89.20815277	71.62531281	69.35396576	86.97580719	79.16772461	88.53284454	87.22463989	83.76024628
1064	63.88882446	81.46070099	89.06616211	71.05059052	69.31577301	86.48243713	78.62275696	88.37989044	87.45985413	83.81344604
1060	62.66960526	81.55532837	88.98912048	70.58942413	69.35295868	85.99868011	78.77890778	88.35534668	87.51701355	83.74044037
1056	62.24396896	81.55451202	88.91466522	70.01358032	69.10735321	85.70291138	78.22242737	88.24493408	87.63314819	83.9262085
1052	61.33142853	81.61992645	88.76930237	69.45951843	69.00588989	85.03969574	77.91798401	88.03033447	87.77145386	83.87846375
1048	60.38213348	81.72809601	88.68045044	68.97200012	68.99789429	84.72198486	77.9369278	88.00951385	87.90901947	84.00727844
1044	59.82490158	81.78163147	88.57531738	68.42998505	68.82090759	84.05116272	77.82485199	87.80483246	88.01494598	84.11071777
1040	59.15077972	81.8636322	88.43344879	67.89741516	68.68325043	83.52760315	77.57954407	87.60055542	88.12731934	84.1771698
1036	58.47939682	81.90786743	88.31878662	67.33522797	68.77285767	83.05847931	77.32740021	87.52425385	88.18503571	84.23075104
1032	57.75598907	82.0209198	88.20328522	66.80961609	68.72442627	82.4756546	76.99989319	87.42220306	88.28036499	84.3119812
1028	57.0045166	82.15814209	88.15810394	66.28911591	68.62216949	81.88266754	76.75176239	87.27325439	88.39709473	84.4606781
1024	56.23259735	82.27172089	88.02979279	65.75108337	68.56415558	81.26365662	76.80464172	87.11711121	88.45278931	84.60121155
1020	55.7118187	82.32221222	87.88382721	65.18476868	68.5747757	80.62374878	76.52418518	86.92800903	88.51425171	84.66887665
1016	55.13695526	82.49333954	87.758255	64.69083405	68.61804962	79.94258118	76.44378662	86.73235321	88.55193329	84.77444458
1012	54.48275757	82.60895538	87.72966003	64.16041565	68.54341125	79.24337006	76.1722641	86.53020477	88.61288452	84.89179993
1008	53.91090012	82.76924896	87.58256531	63.62392807	68.49314117	78.66305542	76.20563507	86.4348526	88.62273407	85.01100159
1004	53.45740509	82.88182068	87.47520447	63.10193634	68.62892151	77.88414764	76.08033752	86.16661072	88.5936203	85.06512451
1000	52.86086273	83.01977539	87.3339386	62.56580353	68.56047821	77.29922485	75.88346863	86.0789566	88.58210754	85.14295959
996	52.37597656	83.21199799	87.30513	62.05254364	68.67077637	76.58505249	75.8367691	85.8713913	88.56498718	85.22357941
992	51.90523911	83.38084412	87.20695496	61.53701019	68.75650024	75.88837433	75.75423431	85.71174622	88.48247528	85.30264282
988	51.48548508	83.54120636	87.09344482	61.04844284	68.8000412	75.23332977	75.69956207	85.55828857	88.42826843	85.354599
984	51.09227371	83.72673035	86.96696472	60.52628326	68.8651886	74.56529999	75.58050537	85.37783813	88.29714203	85.36394501
980	50.74131012	83.92658234	86.92444611	60.03305435	68.99410248	73.90749359	75.53624725	85.23653412	88.19916534	85.41075897
976	50.37636185	84.12718201	86.86048889	59.53916931	69.10788727	73.25691223	75.5522995	85.06324005	88.047966	85.41060638
972	50.06636429	84.32817078	86.77986908	59.04335403	69.2546463	72.62457275	75.51172638	84.89131165	87.85658264	85.40100098
968	49.78128433	84.54085541	86.68851471	58.56924057	69.38941956	72.01376343	75.52690125	84.75281525	87.66161346	85.36286163
964	49.52610016	84.77560425	86.64199829	58.08324814	69.53407288	71.39163971	75.56129456	84.60779572	87.40623474	85.31589508
960	49.30957031	85.00041962	86.60150146	57.63625336	69.71076965	70.8380127	75.6190567	84.4744873	87.17101288	85.25358582
956	49.1158638	85.21621704	86.5608902	57.16403198	69.88328552	70.26673889	75.67224884	84.34309387	86.86823273	85.17312622
952	48.94412231	85.42954254	86.52813721	56.70113373	70.05828857	69.74150085	75.74360657	84.21768188	86.52241516	85.06619263
948	48.83440018	85.67024231	86.47761536	56.25342178	70.23629761	69.22084808	75.82556915	84.08090973	86.15145111	84.94876099
944	48.75239944	85.92679596	86.47548676	55.81993484	70.44152069	68.7689743	75.97042847	83.98782349	85.76216888	84.83620453
940	48.67626953	86.13185883	86.43925476	55.3711586	70.63480377	68.30390167	76.09294891	83.87010193	85.3118515	84.70478058
936	48.66957474	86.38282776	86.43206024	54.95393753	70.83480835	67.90692902	76.26805878	83.77245331	84.81808472	84.5695343
932	48.6645813	86.62358856	86.43778229	54.53464508	71.02383423	67.53386688	76.41549683	83.68933868	84.31128693	84.41603851
928	48.73787308	86.86586761	86.45248413	54.11625671	71.2521286	67.20152283	76.62514496	83.64051056	83.76782227	84.28824615
924	48.82902908	87.11467743	86.47898102	53.71553421	71.43408966	66.92481995	76.86737061	83.55554199	83.15895081	84.12390137
920	48.94615555	87.33415985	86.49993134	53.31439209	71.63899994	66.66470337	77.10978699	83.49529266	82.50311279	84.00788116
916	49.10586929	87.58348083	86.54315186	52.93124771	71.82639313	66.45884705	77.39111328	83.49669647	81.83085632	83.85572052
912	49.29512024	87.79931641	86.6185379	52.56302261	72.00656891	66.32343292	77.72550964	83.47784424	81.14090729	83.77159119
908	49.53361893	88.02058411	86.68921661	52.19004822	72.17930603	66.22952271	78.04162598	83.45793915	80.36353302	83.67688751
904	49.80763245	88.24560547	86.76920319	51.84424973	72.33534241	66.19371033	78.40337372	83.47948456	79.5767746	83.61612701
900	50.12248611	88.44841766	86.86463165	51.49728012	72.46805573	66.21318817	78.77641296	83.49986267	78.73838806	83.5578537
896	50.48366928	88.64152527	86.97173309	51.16986465	72.58571625	66.2856369	79.18212891	83.54264069	77.88012695	83.53384399
892	50.86008835	88.80548096	87.07526398	50.83574677	72.66407013	66.41910553	79.597229	83.59008789	76.95783997	83.52487946
888	51.29603195	88.96973419	87.20717621	50.52193451	72.72398376	66.62857056	80.06394196	83.66931915	76.02307129	83.56673431
884	51.75799179	89.12278748	87.35406494	50.22088242	72.76016998	66.89430237	80.55316162	83.76696014	75.03678894	83.63273621
880	52.25784683	89.24588013	87.5043335	49.93280029	72.76121521	67.23688507	81.0627594	83.87584686	74.03423309	83.7219162
876	52.79560089	89.34799194	87.66761017	49.65035248	72.71751404	67.65619659	81.6108017	84.00234222	72.98870087	83.85262299
872	53.36210632	89.41159058	87.84269714	49.37942505	72.64458466	68.1435318	82.16823578	84.14903259	71.93079376	84.00193787
868	53.95539856	89.46518707	88.01374817	49.12361908	72.5207901	68.69485474	82.74362183	84.29804993	70.83612823	84.16230774
864	54.58175659	89.48660278	88.22592163	48.88940811	72.35958862	69.34410095	83.36671448	84.48713684	69.72881317	84.36695099
860	55.23453903	89.47327423	88.43292236	48.66627121	72.15484619	70.07019043	84.00120544	84.69806671	68.60731506	84.58882904
856	55.89406967	89.40891266	88.62651062	48.43873596	71.88648224	70.85194397	84.63400269	84.88571167	67.45097351	84.80345154
852	56.56742477	89.32176971	88.84093475	48.23778152	71.58403778	71.71820831	85.29113007	85.11299133	66.2904129	85.02674103
848	57.25408173	89.19471741	89.07233429	48.05366898	71.23995209	72.67470551	85.98462677	85.36201477	65.12127686	85.26544952
844	57.92693329	89.00356293	89.28289795	47.87036896	70.82826233	73.68370819	86.66385651	85.60108948	63.91215515	85.48166656
840	58.60147476	88.78191376	89.52349091	47.71178436	70.39209747	74.77939606	87.37273407	85.88127136	62.72249222	85.70249939
836	59.24845886	88.51011658	89.74836731	47.56906128	69.89965057	75.9202652	88.06864929	86.15149689	61.51468277	85.88936615
832	59.88132858	88.18453217	89.97882843	47.4364357	69.36615753	77.12051392	88.77900696	86.44271088	60.29872894	86.05651093
828	60.44651794	87.80107117	90.19391632	47.31615829	68.79058075	78.32118225	89.45523834	86.72601318	59.09542465	86.17233276
824	60.9726181	87.36598206	90.3914566	47.2118187	68.18178558	79.539711	90.12158203	87.01273346	57.88037109	86.25002289
820	61.43128967	86.86785126	90.59209442	47.12664795	67.53749084	80.75435638	90.76038361	87.30744934	56.67902756	86.28855133
816	61.80891418	86.31267548	90.77252197	47.05238342	66.86980438	81.92462921	91.36730194	87.59043121	55.46701431	86.26890564
812	62.09217834	85.69993591	90.92449188	46.99800491	66.18482971	83.0269165	91.9295578	87.86732483	54.27695465	86.20497131
808	62.27680588	85.01974487	91.05486298	46.95977402	65.48145294	84.01937103	92.4305954	88.13058472	53.09943008	86.08181763
804	62.35834885	84.29040527	91.17134094	46.93785477	64.77767181	84.89332581	92.88080597	88.39212036	51.93959045	85.92399597
800	62.31071854	83.48576355	91.24422455	46.9396019	64.06612396	85.5895462	93.25139618	88.62731171	50.78216171	85.71144104
799	61.74871826	83.44638062	91.33986664	46.85145187	65.94262695	86.34710693	93.31440735	88.66989136	50.33136749	85.87835693
798	61.71883392	83.25796509	91.35534668	46.85662842	65.74275208	86.38959503	93.43968964	88.74869537	50.06280518	85.82191467
797	61.64406967	83.04022217	91.32407379	46.8543129	65.54776001	86.46904755	93.49007416	88.76932526	49.76239395	85.66196442
796	61.61658096	82.85090637	91.37923431	46.87889481	65.39797211	86.59407806	93.5593338	88.87618256	49.498909	85.59645081
795	61.52116776	82.47143555	91.3299942	46.8633194	65.19005585	86.68984985	93.56617737	88.87194824	49.18319702	85.60702515
794	61.46364975	82.31278229	91.33544922	46.87220001	65.00115204	86.83575439	93.61192322	88.94171143	48.93205643	85.5686264
793	61.37236786	82.12303162	91.31819916	46.86257935	64.81471252	86.75214386	93.66573334	88.98386383	48.64744949	85.36386871
792	61.2677803	81.85331726	91.35274506	46.87714386	64.6353302	86.74458313	93.67817688	89.00968933	48.37134933	85.29384613
791	61.21714783	81.63130951	91.34301758	46.91205215	64.49705505	86.79182434	93.76615906	89.06520844	48.09021378	85.24503326
790	61.09797287	81.35274506	91.32850647	46.92292404	64.30688477	86.83085632	93.79399109	89.11634064	47.82817841	85.22061157
789	60.96918106	81.15066528	91.31931305	46.92979813	64.12776947	86.88571167	93.74385834	89.1377182	47.56310272	85.22209167
788	60.85289764	80.88680267	91.2845459	46.95015717	63.97089386	86.68313599	93.76126099	89.14404297	47.29999924	85.04958344
787	60.7155571	80.63743591	91.25442505	46.96837234	63.80368042	86.61956024	93.79004669	89.20747375	47.02931595	84.92871094
786	60.60894012	80.3950119	91.27212524	46.98249817	63.63017654	86.54695892	93.7648468	89.24355316	46.75867844	84.86914063
785	60.42760086	80.10616302	91.18622589	46.9895134	63.43939209	86.46463013	93.7228775	89.22590637	46.46893692	84.84866333
784	60.27236557	79.86710358	91.21018982	47.0111084	63.29790878	86.27535248	93.72916412	89.26117706	46.21912003	84.85469818
783	60.13491821	79.5486908	91.10255432	47.02785492	63.11803436	86.10225677	93.63163757	89.27639008	45.94916153	84.61616516
782	59.97435379	79.32883453	91.13658142	47.09093094	62.99438477	85.94831848	93.64447784	89.34275818	45.7189827	84.60092163
781	59.78686905	79.03767395	91.07430267	47.08063126	62.81997681	85.8008194	93.56162262	89.32265472	45.43844604	84.59389496
780	59.60046005	78.76040649	91.00910187	47.0991478	62.64654541	85.6111145	93.47935486	89.32798767	45.18349075	84.53031921
779	59.38824463	78.47511292	90.95852661	47.14393616	62.49121857	85.24433136	93.4207077	89.33148193	44.91378784	84.34667969
778	59.22561264	78.22341156	90.92009735	47.17253876	62.38304901	85.01290894	93.35096741	89.35764313	44.67868423	84.31404877
777	58.97885513	77.87567139	90.8429184	47.19389343	62.21969223	84.72814941	93.24432373	89.33062744	44.40369034	84.30059814
776	58.76689148	77.60440826	90.78727722	47.24316406	62.05276871	84.50285339	93.14026642	89.34490967	44.14742279	84.29367065
775	58.56244659	77.31072998	90.7486496	47.26449585	61.92194366	84.17024231	93.03082275	89.3205719	43.90494156	84.2252655
774	58.32887268	76.99884033	90.62623596	47.29448318	61.79022217	83.65215302	92.89080811	89.31861877	43.66196823	84.07086182
773	58.08628082	76.7154541	90.56324768	47.32286835	61.63637543	83.25059509	92.7354126	89.2830658	43.40153122	83.96884918
772	57.85768509	76.36603546	90.46483612	47.35751343	61.53086472	82.94068909	92.58388519	89.24607849	43.20856476	83.98223877
771	57.62768555	76.09512329	90.43002319	47.41424561	61.39487076	82.58164215	92.46697998	89.28089142	42.92852402	84.02236176
770	57.36601257	75.77115631	90.31629944	47.44477463	61.26243973	82.11056519	92.25162506	89.19037628	42.66472244	83.89989471
769	57.08378601	75.4418335	90.20251465	47.46244049	61.10619354	81.64819336	92.07020569	89.17137909	42.43097687	83.75856781
768	56.85099792	75.14987183	90.11434174	47.51064301	61.00992584	81.13263702	91.88083649	89.13294983	42.22922516	83.80945587
767	56.54994965	74.79149628	89.99101257	47.54517365	60.88299179	80.63961792	91.66598511	89.07820892	42.00923538	83.81919098
766	56.31213379	74.52887726	89.90759277	47.60440445	60.78082275	80.12805939	91.48514557	89.04829407	41.79669571	83.79043579
765	56.00914764	74.1845932	89.78417969	47.64813232	60.67948151	79.59585571	91.24055481	88.980896	41.53904724	83.62648773
764	55.73985672	73.8577652	89.67977905	47.69042587	60.56544113	79.02198792	90.98933411	88.92643738	41.24504089	83.61891174
763	55.45389557	73.54445648	89.55526733	47.74600601	60.49746704	78.44007874	90.748703	88.87517548	41.07730865	83.70872498
762	55.19324112	73.21920013	89.45964813	47.79965973	60.40120697	77.88722992	90.51968384	88.84292603	40.86514282	83.71207428
761	54.88167572	72.90247345	89.29814148	47.84892273	60.30305099	77.26579285	90.23673248	88.71442413	40.64738464	83.58452606
760	54.59522629	72.58213043	89.14169312	47.9134903	60.23229218	76.66236877	89.95883179	88.66081238	40.423172	83.55117798
759	54.29183197	72.21786499	89.02277374	47.94456482	60.1554985	75.99788666	89.65483093	88.57858276	40.17440414	83.64576721
758	53.98225021	71.88733673	88.85495758	47.99515152	60.0727005	75.35232544	89.32219696	88.46759033	39.97040558	83.68545532
757	53.68796539	71.55596924	88.7348175	48.07270432	60.0036087	74.70281982	89.03887939	88.39755249	39.76145554	83.57150269
756	53.38575363	71.2148819	88.56257629	48.13087845	59.94717407	74.02606964	88.7026825	88.30836487	39.54275131	83.57834625
755	53.0687027	70.86460876	88.38332367	48.1837616	59.88803482	73.32593536	88.34365845	88.18505859	39.33547592	83.68766022
754	52.76633072	70.50321198	88.22193909	48.23239899	59.81935883	72.61391449	87.9969635	88.06981659	39.10205078	83.73591614
753	52.45490265	70.18338776	88.05083466	48.32049561	59.78714371	71.94190216	87.63677216	87.97906494	38.90739059	83.77907562
752	52.16660309	69.83231354	87.86794281	48.37567139	59.74804306	71.23488617	87.25606537	87.86820221	38.70128632	83.6803894
751	51.83840561	69.47983551	87.67473602	48.45102692	59.69799042	70.50624847	86.93943024	87.78494263	38.47889709	83.77191162
750	51.52553177	69.13912201	87.49746704	48.50744247	59.64995575	69.76415253	86.46169281	87.58366394	38.2779541	83.88184357
749	51.21425247	68.77848053	87.29383087	48.57363892	59.62599564	69.03148651	86.04966736	87.44717407	38.06334305	83.9054184
748	50.89898682	68.40935516	87.10755157	48.66691589	59.61589813	68.29611206	85.62101746	87.30433655	37.86238098	83.8404007
747	50.57761002	68.06386566	86.88147736	48.71741867	59.57723236	67.55692291	85.1893692	87.13562775	37.65634537	83.96061707
746	50.27192688	67.71356201	86.65317535	48.79860687	59.58365631	66.81934357	84.83209229	87.00032806	37.46621323	84.0769577
745	49.95541382	67.36170959	86.46233368	48.87272263	59.5887413	66.06253815	84.31092834	86.83222198	37.27299881	84.02226257
744	49.65202332	67.02454376	86.25453949	48.95814896	59.59552383	65.3479538	83.87548828	86.70091248	37.08654022	84.10800171
743	49.33316422	66.65454865	86.11008453	49.01979446	59.58283997	64.57144165	83.46697235	86.54925537	36.88631821	84.24258423
742	49.03256607	66.29400635	85.93766785	49.10734558	59.61516571	63.85100937	83.02061462	86.31783295	36.70418167	84.36502075
741	48.73475266	65.95145416	85.54246521	49.19488144	59.63266373	63.08366013	82.53932953	86.16001892	36.50455475	84.31520081
740	48.42467117	65.58103943	85.32308197	49.28481674	59.6645813	62.36323547	82.04402161	85.9706192	36.32753372	84.40325165
739	48.12250137	65.24937439	85.15158081	49.36807632	59.69257355	61.61603928	81.40776825	85.79597473	36.14806366	84.56480408
738	47.8180542	64.88967133	84.93847656	49.45278168	59.72084808	60.86009216	80.95979309	85.66790009	35.96416473	84.69953918
737	47.51656342	64.52523041	84.64108276	49.53726959	59.77724075	60.13169861	80.4919281	85.37160492	35.77784729	84.65907288
736	47.21567154	64.1780014	84.28627014	49.63485718	59.83978653	59.39237595	79.94437408	85.16231537	35.6010704	84.76495361
735	46.92012024	63.80711746	84.01383209	49.7251358	59.89559937	58.65471268	79.4274292	84.93553925	35.43199921	84.85395813
734	46.62875748	63.4713707	83.83874512	49.82027054	59.96391296	57.93500519	78.85051727	84.81923676	35.25753403	85.03149414
733	46.33008194	63.09087753	83.57805634	49.91350937	60.05348969	57.21023178	78.29428101	84.62280273	35.07352066	85.02781677
732	46.05234909	62.746418	83.15692139	50.02007294	60.12162399	56.48795319	77.74049377	84.26715851	34.91775894	85.13508606
731	45.76532364	62.39536285	82.89430237	50.12612915	60.21989441	55.78329086	77.16378784	84.03435516	34.74925232	85.24633026
730	45.49037552	62.03189087	82.68518066	50.22150421	60.30405807	55.07397079	76.57585144	83.87231445	34.58050156	85.41941833
729	45.19758987	61.67824173	82.42716217	50.32632446	60.41250992	54.37361145	75.97853851	83.66257477	34.41307449	85.43108368
728	44.94174576	61.32596207	82.11349487	50.42543411	60.54474258	53.69769287	75.42054749	83.30251312	34.27079391	85.55283356
727	44.66003418	60.96780777	81.78412628	50.53694916	60.64693451	53.00087357	74.78720856	83.10427856	34.10318375	85.73739624
726	44.38838196	60.60480499	81.49742126	50.63805389	60.76496124	52.32188034	74.16685486	82.88638306	33.93635559	85.71707153
725	44.12881851	60.25254822	81.21150208	50.75359344	60.90517807	51.65213776	73.57051086	82.62471008	33.77975464	85.83512878
724	43.86685181	59.9122467	80.88990784	50.8816185	61.04710007	50.99888611	72.96179199	82.22074127	33.63391495	85.94187164
723	43.66368103	59.55382156	80.50897217	50.98768616	61.19166565	50.35173798	72.35260773	82.02431488	33.4809227	86.09407043
722	43.37792587	59.20519257	80.23269653	51.09294128	61.34994125	49.71285629	71.73104858	81.79642487	33.33089828	86.1029892
721	43.12792969	58.85688019	79.89597321	51.21678543	61.50771332	49.08078766	71.09779358	81.50783539	33.18973923	86.17447662
720	42.87705231	58.5060997	79.56266785	51.34077835	61.69017029	48.44986343	70.45785522	81.19950867	33.0384903	86.27266693
719	42.69294357	58.15272522	79.20901489	51.4538002	61.85134125	47.84159088	69.83448029	80.87475586	32.89141083	86.41272736
718	42.4349823	57.81957626	78.88585663	51.5790062	62.0386734	47.22987747	69.19497681	80.61813354	32.75502777	86.40932465
717	42.181633	57.47057724	78.53471375	51.71810913	62.22253418	46.64382935	68.55956268	80.30596924	32.61758041	86.46716309
716	41.96678543	57.13002014	78.19263458	51.83307648	62.42533493	46.05262375	67.92944336	79.99408722	32.48984909	86.53798676
715	41.77769852	56.77751923	77.82369995	51.95919418	62.61714554	45.45795441	67.25574493	79.62001801	32.34591675	86.55879211
714	41.60504532	56.44527054	77.49718475	52.10641098	62.83159256	44.9063797	66.63102722	79.37860107	32.22564316	86.61968994
713	41.3299942	56.11013794	77.12286377	52.2466011	63.05583191	44.35167694	65.9861908	79.07430267	32.08785629	86.65779114
712	41.15719223	55.76415253	76.76968384	52.37212372	63.28593445	43.80217361	65.340065	78.72763062	31.96901321	86.69377899
711	40.98864365	55.42224503	76.39678955	52.50943756	63.49830627	43.25563812	64.69303894	78.4013443	31.82741165	86.71114349
710	40.80307007	55.09132767	76.04114532	52.65586472	63.7461586	42.73860168	64.04717255	78.07180786	31.70837784	86.74337769
709	40.56470108	54.75692749	75.65007782	52.79063034	63.97591782	42.21565247	63.39543915	77.72147369	31.58488846	86.81632996
708	40.42855072	54.43019104	75.29638672	52.93930054	64.21655273	41.74994659	62.75009537	77.39707184	31.46891975	86.72621918
707	40.25248718	54.10437012	74.91094208	53.08724213	64.49435425	41.27540588	62.10859299	77.06036377	31.3521862	86.74494934
706	40.08559418	53.77429199	74.55969238	53.23170853	64.74452972	40.78628159	61.4615097	76.72954559	31.23710823	86.71862793
705	39.92113113	53.45066071	74.1641922	53.38803101	65.0092926	40.27807236	60.81619263	76.38397217	31.12559891	86.68591309
704	39.76087952	53.1260376	73.78255463	53.53776169	65.27928162	39.82717133	60.15474319	76.02239227	31.00616646	86.65148926
703	39.60865021	52.8013649	73.41709137	53.69774246	65.54223633	39.38050079	59.52286148	75.67546844	30.90484428	86.5958252
702	39.45930099	52.4738121	73.02735138	53.86191559	65.82804108	38.93310547	58.87854767	75.3420105	30.79354095	86.56447601
701	39.31794739	52.16201401	72.64892578	54.01895523	66.09719849	38.48067093	58.24316025	74.99107361	30.69053078	86.49829102
700	39.18208313	51.84705353	72.26217651	54.17907333	66.37825012	38.04473114	57.59188461	74.64030457	30.59011078	86.41464996
699	39.06115341	51.54213333	71.87509155	54.34682846	66.65454865	37.63339996	56.97066116	74.28069305	30.49279404	86.35240936
698	38.92891693	51.22702026	71.49141693	54.50774002	66.93950653	37.22199631	56.33214188	73.92877197	30.38915634	86.26865387
697	38.82037354	50.92374039	71.11162567	54.68654633	67.22328186	36.81793213	55.70334244	73.57212067	30.29450417	86.15966034
696	38.70331192	50.60815048	70.71405792	54.85176468	67.50740051	36.41720963	55.07535172	73.20876312	30.19819832	86.13109589
695	38.60403442	50.30775833	70.32762146	55.01058197	67.77790833	36.04310608	54.45734406	72.84416199	30.1132164	85.95016479
694	38.50803757	50.01521301	69.9490509	55.20104218	68.06932831	35.6693306	53.84101105	72.50315857	30.02669525	85.84788513
693	38.4120636	49.71465302	69.56650543	55.38015366	68.34290314	35.30411148	53.23910141	72.13748932	29.93704605	85.81591034
692	38.32906723	49.40777588	69.17339325	55.54854202	68.60782623	34.94169617	52.61740875	71.78057861	29.85492134	85.59898376
691	38.24514771	49.12781525	68.77388763	55.73260117	68.86186218	34.59231949	52.00260925	71.42063904	29.76441956	85.45228577
690	38.18462372	48.83853912	68.39730835	55.92725372	69.1269455	34.26249695	51.42072296	71.07196808	29.68965721	85.32936859
689	38.11505127	48.53984451	68.00212097	56.1013298	69.37450409	33.92805862	50.80916977	70.70665741	29.60313034	85.17836761
688	38.05809784	48.25760269	67.62294769	56.29611206	69.62416077	33.60435104	50.22377396	70.35755157	29.53430367	85.02523041
687	38.00049591	47.969944	67.240242	56.48045349	69.8454895	33.29930496	49.64375687	69.99884796	29.46156502	84.87940216
686	37.96598434	47.69451904	66.84579468	56.68200302	70.07344055	32.99042511	49.05719757	69.64310455	29.39460564	84.73992157
685	37.92113495	47.41917419	66.45663452	56.8742981	70.28015137	32.69268417	48.46981049	69.28755951	29.31805229	84.64867401
684	37.89113998	47.13801575	66.07484436	57.08171844	70.4691925	32.40518951	47.89252472	68.92790222	29.25225449	84.42844391
683	37.87240601	46.86834335	65.69145966	57.28158188	70.64928436	32.13357925	47.33409882	68.58166504	29.18821907	84.26818085
682	37.85711288	46.59807968	65.3050766	57.48411942	70.80157471	31.86791611	46.7585144	68.2165451	29.12369156	84.17991638
681	37.84149551	46.32300568	64.9249115	57.68483734	70.93232727	31.59590912	46.20087433	67.87055969	29.06224823	83.94133759
680	37.84355164	46.06754303	64.55844879	57.89983749	71.06899261	31.35448456	45.66797638	67.52721405	29.00966454	83.80010986
679	37.84476089	45.79908752	64.17327881	58.10319138	71.16624451	31.10252953	45.11483002	67.18061829	28.94928169	83.64335632
678	37.86317062	45.54240799	63.79964828	58.32645798	71.23321533	30.86685753	44.56818771	66.83685303	28.89803123	83.49620819
677	37.88246155	45.28512192	63.42613602	58.54087448	71.27289581	30.63703156	44.03031921	66.49249268	28.84261322	83.4228363
676	37.91714478	45.03628159	63.05136108	58.75243378	71.30107117	30.4186821	43.50715256	66.15143585	28.79893112	83.20961761
675	37.95317841	44.78557968	62.68358994	58.9758873	71.29427338	30.20477676	42.98587799	65.81356812	28.75149155	83.13575745
674	37.99337769	44.53472519	62.3237915	59.19326401	71.25874329	29.99646759	42.46743774	65.48820496	28.71050453	83.05115509
673	38.0524559	44.2975502	61.96544647	59.41600037	71.19863892	29.80220985	41.96114349	65.16600037	28.66745377	82.83439636
672	38.11118698	44.0557785	61.59680939	59.66109467	71.08893585	29.60542679	41.48393631	64.82756805	28.63051224	82.77471924
671	38.17221832	43.80856323	61.23208237	59.87269974	70.94441986	29.42769623	41.00245285	64.48464203	28.58931351	82.71138763
670	38.25434113	43.57982254	60.88203812	60.10596848	70.77973175	29.2537117	40.50959396	64.17277527	28.56311226	82.50485992
669	38.34077835	43.35116959	60.52698517	60.34352875	70.57567596	29.08627319	39.99481583	63.85655212	28.53220367	82.48284149
668	38.435112	43.1201973	60.17493057	60.58406067	70.32765198	28.91913033	39.53174973	63.54872131	28.50075722	82.43643188
667	38.54291916	42.8986969	59.83850861	60.82691956	70.04562378	28.77512932	39.06392288	63.24194717	28.47369385	82.27069855
666	38.64990997	42.66721725	59.48350525	61.06364059	69.71028137	28.62437057	38.58279419	62.92297363	28.43836594	82.26937866
665	38.77008438	42.44638824	59.14303589	61.30874252	69.3465271	28.48835564	38.11975479	62.62124634	28.42752266	82.25709534
664	38.90488815	42.23403168	58.80614471	61.56074905	68.94293213	28.35557556	37.66415787	62.32129288	28.40796471	82.12332916
663	39.04615021	42.03028107	58.48791122	61.81107712	68.50733185	28.24043083	37.21749115	62.03768158	28.39400864	82.10254669
662	39.18990326	41.83540344	58.14032745	62.05050278	68.00707245	28.11766815	36.75806046	61.72664261	28.37594414	82.14265442
661	39.35451889	41.64892578	57.81758499	62.31678772	67.48686218	28.01208115	36.32411194	61.44456863	28.36692619	82.18715668
660	39.52235413	41.39951324	57.50028992	62.57279968	66.92692566	27.91134071	35.89216995	61.16418839	28.35660553	82.2023468
659	39.70623016	41.19693756	57.18545914	62.84053802	66.32686615	27.81821823	35.46173477	60.87907028	28.3550148	82.12781525
658	39.89442444	40.99919891	56.85754395	63.09269714	65.67150116	27.72556305	35.03942871	60.60987854	28.34643936	82.16282654
657	40.09440994	40.80630112	56.54462433	63.36593628	64.98549652	27.64798164	34.62621689	60.33259583	28.34474373	82.27143097
656	40.28094101	40.63922501	56.23936462	63.62587738	64.2652359	27.57434273	34.21722794	60.06968689	28.34835052	82.3710022
655	40.51565933	40.46804428	55.93659973	63.89463425	63.52303696	27.51005936	33.80958557	59.80576324	28.35556221	82.4407196
654	40.74486923	40.28160095	55.63134003	64.15913391	62.72717667	27.45454979	33.41149521	59.55612564	28.36213684	82.53198242
653	40.98686981	40.09994125	55.33226776	64.43186951	61.90221786	27.40023804	33.01819611	59.29670334	28.37150955	82.63050079
652	41.24067307	39.9196167	55.04603577	64.70251465	61.04943085	27.36197662	32.63179779	59.05236435	28.3849144	82.73941803
651	41.50762939	39.74754715	54.76505661	64.9896698	60.1720047	27.3247776	32.25656509	58.8176384	28.40453911	82.86490631
650	41.77456665	39.56970978	54.47085571	65.2685318	59.25622559	27.28971863	31.87197495	58.57749176	28.42287064	82.9940033
649	42.07371902	39.40797806	54.1926918	65.55950928	58.3238678	27.27383614	31.50998306	58.34648132	28.44576454	83.13965607
648	42.37150574	39.23652649	53.9243927	65.84661102	57.38253021	27.26166534	31.14827347	58.12351227	28.47216988	83.28982544
647	42.68467712	39.08053589	53.65650558	66.12882233	56.40771866	27.25716209	30.79184532	57.91178513	28.49724197	83.45201874
646	42.99951935	38.91506577	53.38030624	66.41351318	55.40710831	27.25505447	30.43547249	57.68499374	28.52998352	83.61053467
645	43.34553528	38.75944138	53.12224579	66.70728302	54.40203476	27.2646637	30.0881958	57.48124695	28.56825256	83.78868103
644	43.68942642	38.60831833	52.87283707	67.00548553	53.38432693	27.28377533	29.75246048	57.28207779	28.59963989	83.96250153
643	44.05088806	38.46016312	52.61855698	67.29395294	52.34169388	27.30626488	29.41550255	57.07771683	28.64083099	84.13915253
642	44.43418503	38.31719589	52.3772049	67.60462952	51.31760406	27.34317398	29.09106636	56.90278244	28.69132233	84.33520508
641	44.78459549	38.17206192	52.13149643	67.90142059	50.26273727	27.38322639	28.76336861	56.70373917	28.73584557	84.50992584
640	45.1608429	38.03186417	51.88428116	68.19915771	49.21353531	27.43026352	28.43759155	56.524086	28.78218651	84.69691467
639	45.58267212	37.90118408	51.6669693	68.505867	48.15427017	27.4832077	28.12767029	56.34980011	28.83363342	84.87585449
638	46.01372528	37.76567459	51.43778229	68.81983185	47.10311127	27.55245209	27.81624413	56.18669891	28.89193344	85.05567169
637	46.46166611	37.63171005	51.20502853	69.12556458	46.09611893	27.62358093	27.51899147	56.02372742	28.9472847	85.22988892
636	46.91679001	37.51028442	50.98994446	69.43349457	45.06016541	27.70272827	27.21682549	55.86962128	29.01576424	85.39626312
635	47.38954544	37.38768768	50.77827072	69.75389862	44.01919937	27.79995537	26.92219543	55.72232437	29.08776093	85.54897308
634	47.88411713	37.27636719	50.57684326	70.08071899	42.99205399	27.90340996	26.63494301	55.58312988	29.15916443	85.7171402
633	48.38476944	37.16656113	50.37830353	70.39701843	41.96437454	28.01069641	26.35299492	55.45332336	29.23308563	85.85910797
632	48.89356232	37.04869843	50.18192673	70.71560669	40.95329666	28.12274742	26.07969856	55.32347107	29.30949593	85.96633148
631	49.43165207	36.94727707	49.99424362	71.02693176	39.95143127	28.25532532	25.80818558	55.20018768	29.39048195	86.07997131
630	49.98117065	36.84458923	49.80715942	71.3589859	38.95994568	28.39275551	25.53924942	55.09185791	29.47652054	86.17410278
629	50.5390625	36.74501038	49.6216011	71.6739502	37.98857117	28.54049301	25.27684784	54.97636032	29.57091713	86.25767517
628	51.11443329	36.64301682	49.45032501	71.99719238	37.03652191	28.69077873	25.0146656	54.87198257	29.65734291	86.30007935
627	51.71424866	36.56165695	49.28387451	72.33590698	36.09353256	28.86380196	24.76316261	54.8016777	29.7630043	86.34919739
626	52.32217789	36.46957397	49.12057495	72.67121887	35.16505814	29.04120064	24.51039505	54.70252228	29.86306	86.35876465
625	52.95116806	36.38724899	48.97095108	73.01649475	34.26902008	29.22865677	24.27156639	54.62846756	29.97299194	86.35968781
624	53.58839035	36.30163193	48.81412125	73.33685303	33.37625122	29.42653656	24.02834511	54.55219269	30.07550621	86.21536255
623	54.24085999	36.22829437	48.66751862	73.66500092	32.5107193	29.63351059	23.79535866	54.48923874	30.19297791	86.15406799
622	54.91678238	36.1625824	48.53482819	74.01535797	31.66118622	29.85813904	23.56786537	54.44545746	30.31447601	86.08676147
621	55.60333252	36.08930206	48.39707947	74.34173584	30.82356071	30.09136391	23.33926201	54.38630676	30.43782425	85.96379852
620	56.2909317	36.01916885	48.26766205	74.68212891	30.02369308	30.32929611	23.1152935	54.3446846	30.56619263	85.82640076
619	57.00503159	35.95930481	48.15052795	75.02456665	29.22826958	30.58559036	22.89343262	54.31622696	30.70428658	85.6733017
618	57.72852325	35.89593887	48.02602005	75.35488892	28.45249557	30.84915543	22.67707253	54.27945709	30.83213043	85.47125244
617	58.48346329	35.84389114	47.92375183	75.70259857	27.70773506	31.13513947	22.47307968	54.27014923	30.97888184	85.27729797
616	59.23052979	35.79493332	47.81964111	76.04660034	26.98253059	31.42804146	22.26655769	54.25426483	31.12896729	85.04795074
615	59.99405289	35.7523613	47.72785187	76.38259888	26.27008629	31.73918152	22.06024551	54.25836563	31.28063965	84.78520966
614	60.77083969	35.69883347	47.62789154	76.72582245	25.58239365	32.04720306	21.86382866	54.25662994	31.43848419	84.56313324
613	61.54826736	35.66237259	47.54211044	77.05529785	24.91619301	32.3780098	21.67173004	54.27465439	31.5944519	84.30666351
612	62.35029221	35.63329697	47.47028351	77.39889526	24.2722683	32.72891235	21.4857235	54.29822922	31.76408195	84.00025177
611	63.14373016	35.59981155	47.38963699	77.73570251	23.63982773	33.08357239	21.29613304	54.32145691	31.93637085	83.66216278
610	63.95470047	35.56990814	47.32588196	78.0638504	23.02831459	33.4528923	21.11260605	54.36040878	32.11501694	83.3084259
609	64.77948761	35.55361176	47.27823639	78.4205246	22.44354439	33.84404755	20.96526909	54.41148376	32.29830551	82.96498871
608	65.59638214	35.53640366	47.21751022	78.75250244	21.86799812	34.24465942	20.78605461	54.47105789	32.48871231	82.59212494
607	66.43341827	35.52099228	47.17386246	79.09048462	21.33539581	34.66124344	20.6149826	54.52997208	32.6869545	82.21624756
606	67.26740265	35.50908279	47.12721252	79.41928864	20.79828453	35.09515762	20.4497509	54.60234451	32.88703156	81.84415436
605	68.11195374	35.50630951	47.10135269	79.76255798	20.27555466	35.54275513	20.28802299	54.68876266	33.0980072	81.46278381
604	68.93935394	35.50013733	47.07273865	80.08558655	19.76831436	35.99916077	20.12407112	54.77269745	33.31272507	81.07737732
603	69.78082275	35.50402832	47.06822205	80.42577362	19.28202248	36.48762894	19.97254372	54.87453461	33.53743362	80.71105194
602	70.62622833	35.51372528	47.03589249	80.76583099	18.80579376	36.98662949	19.8163662	54.98550415	33.76391983	80.34402466
601	71.45182037	35.52459335	47.05342484	81.09050751	18.34835625	37.49651718	19.67356491	55.10432053	33.99375153	79.99450684
600	72.28760529	35.54428101	47.03846741	81.42281342	17.90205193	38.0293541	19.52809715	55.22938919	34.23260498	79.64678955
599	73.13418579	35.57791901	47.06835938	81.76091766	17.47891235	38.58432007	19.38554764	55.37751389	34.48977661	79.31577301
598	73.95128632	35.59477997	47.06396866	82.08380127	17.05705643	39.15366364	19.24866676	55.52822495	34.74077988	78.99639893
597	74.76287079	35.63019943	47.11079407	82.41421509	16.65762901	39.73874283	19.11366463	55.68001938	35.006073	78.7035675
596	75.57319641	35.66846085	47.12355423	82.73475647	16.27228165	40.35230255	18.98105621	55.85211563	35.27366638	78.43438721
595	76.36548615	35.71599197	47.1905365	83.06112671	15.89312077	40.9759407	18.85418892	56.03672409	35.55157852	78.18431091
594	77.14517975	35.76012421	47.20887375	83.36600494	15.52627277	41.61530304	18.72706223	56.21335983	35.83763123	77.95014954
593	77.9250412	35.81729126	47.29709244	83.71338654	15.1835947	42.27721786	18.61058998	56.42985153	36.14179611	77.79659271
592	78.66243744	35.87197113	47.32571793	84.01636505	14.83953571	42.9538269	18.48917389	56.63227844	36.43265533	77.60822296
591	79.39347076	35.94013214	47.4268074	84.34485626	14.51629448	43.65909576	18.37899208	56.84965897	36.75129318	77.51075745
590	80.10456085	36.00700378	47.48695755	84.63869476	14.19740772	44.36310959	18.26583862	57.08310699	37.0605545	77.42279816
589	80.76838684	36.08570862	47.57522202	84.95118713	13.89583397	45.08732986	18.15711784	57.32446289	37.39839554	77.35253143
588	81.4347229	36.16523743	47.69851685	85.24915314	13.6041317	45.79192352	18.05468369	57.58117294	37.72475052	77.34113312
587	82.056633	36.25111389	47.78104782	85.53414917	13.31976986	46.52331543	17.9502964	57.83960724	38.06892014	77.35387421
586	82.66291809	36.34474182	47.89596176	85.82435608	13.04532433	47.31159592	17.85146141	58.10569	38.42593384	77.41898346
585	83.2196579	36.43747711	48.01745605	86.11090851	12.78184795	48.07439041	17.75696373	58.38621902	38.77721024	77.50880432
584	83.7717514	36.54140472	48.15310669	86.40505981	12.52770615	48.88319016	17.66416931	58.68569183	39.15242767	77.6679306
583	84.279953	36.64705658	48.27932358	86.66632843	12.28436565	49.68566132	17.57210541	58.99699783	39.5317955	77.83366394
582	84.75237274	36.77404785	48.43370438	86.96048737	12.04697895	50.50888062	17.49085045	59.32301331	39.92663956	78.04759979
581	85.21068573	36.89632797	48.60190964	87.21609497	11.82936668	51.32120895	17.40794945	59.65382385	40.31887054	78.30335236
580	85.61297607	37.0260849	48.77035141	87.48741913	11.60690975	52.16157913	17.33197594	59.99538803	40.73580933	78.59909821
579	85.96255493	37.16093063	48.94332886	87.73117828	11.39730072	52.98778534	17.2503643	60.34669113	41.14567184	78.90614319
578	86.29068756	37.29703522	49.13097763	87.97638702	11.20252228	53.8263855	17.17475128	60.70634079	41.57839584	79.25254822
577	86.5801239	37.44021225	49.32362366	88.20148468	11.00537968	54.64397049	17.10451698	61.07710648	42.0069046	79.60916138
576	86.84072113	37.60656738	49.53223038	88.3600769	10.8173914	55.48506927	17.03746986	61.48114777	42.4714241	80.00059509
575	87.06301117	37.769207	49.74398804	88.55242157	10.63635921	56.3146286	16.9751091	61.87602234	42.93792725	80.39710236
574	87.27294159	37.94449997	49.98371124	88.9074707	10.4576664	57.12371063	16.91441536	62.29109192	43.40906906	80.80123138
573	87.40359497	38.11766052	50.20801544	89.10251617	10.29016781	57.92391205	16.85622787	62.70875168	43.88381958	81.19515228
572	87.51582336	38.3022728	50.46847916	89.30812836	10.12938309	58.72285843	16.79945183	63.13939667	44.38928986	81.58128357
571	87.59840393	38.50049973	50.72411346	89.4986496	9.971600533	59.48889923	16.747715	63.58816528	44.88196564	81.94181061
570	87.63795471	38.70138168	50.99242401	89.68721771	9.822967529	60.22130966	16.70024109	64.04235077	45.41104126	82.29244995
569	87.65850067	38.92676163	51.27556992	89.73389435	9.697917938	60.90936661	16.68006706	64.51287079	45.87441635	82.55840302
568	87.61123657	39.12870026	51.55964661	89.90011597	9.559833527	61.58747101	16.63191605	64.9903717	46.42657471	82.80128479
567	87.55000305	39.35932541	51.87218094	90.05095673	9.425180435	62.22820282	16.58902168	65.48139191	46.97243118	82.94876099
566	87.45711517	39.59481812	52.1798439	90.18990326	9.297420502	62.82143021	16.55277061	65.97196198	47.5275383	83.0242691
565	87.33308411	39.83880615	52.49256516	90.32926178	9.173321724	63.36955261	16.51325607	66.47689819	48.09389114	83.0255127
564	87.1840744	40.09622192	52.84138489	90.45297241	9.059929848	63.8782692	16.47634125	67.01008606	48.68385315	82.90287018
563	86.87049866	40.35960388	53.17938995	90.54163361	8.940342903	64.30949402	16.4461441	67.53074646	49.26494598	82.64692688
562	86.65676117	40.61834335	53.53239059	90.63717651	8.832071304	64.69593048	16.42236519	68.0714035	49.85668182	82.28371429
561	86.43702698	40.90041733	53.90997696	90.73970032	8.731761932	65.01730347	16.40252876	68.61759186	50.47612762	81.79142761
560	86.18009949	41.19467926	54.28430557	90.80934143	8.634222031	65.2671814	16.38213921	69.17271423	51.10525513	81.14998627
559	85.89381409	41.48984909	54.67116928	90.86100006	8.543048859	65.44978333	16.36728859	69.74433136	51.73347092	80.35572815
558	85.62366486	41.79951096	55.08576202	90.93287659	8.458237648	65.57434082	16.35978317	70.31422424	52.37805939	79.45537567
557	85.30963898	42.1177063	55.49759674	90.95318604	8.374954224	65.60694885	16.34571266	70.89083862	53.02972794	78.36144257
556	84.99717712	42.38337326	55.92988205	90.99180603	8.296708107	65.57437134	16.34423065	71.48419189	53.69583893	77.16291809
555	84.64601898	42.73104858	56.37751389	90.97891235	8.224438667	65.45352936	16.34169769	72.06794739	54.36719513	75.80252075
554	84.28857422	43.07948303	56.82662201	90.98688507	8.156004906	65.25260925	16.34503365	72.66135406	55.04496002	74.35527039
553	83.92757416	43.44406891	57.3065033	90.96747589	8.095041275	64.98712158	16.35367966	73.27464294	55.74225616	72.76665497
552	83.54823303	43.81579971	57.78275681	90.93460846	8.032507896	64.63101196	16.36283684	73.8838501	56.43835068	71.07698059
551	83.18012238	44.2154541	58.28608322	90.88716888	7.974128246	64.19976044	16.3763752	74.49394989	57.15055466	69.30760956
550	82.79242706	44.60866928	58.78110504	90.82821655	7.923089504	63.68145752	16.39669418	75.10170746	57.86520386	67.47918701
549	82.4034729	45.00920486	59.30753326	90.73921204	7.873229504	63.10962296	16.41467476	75.71753693	58.57427597	65.58236694
548	82.01694489	45.4462738	59.84606171	90.66869354	7.832065105	62.45418167	16.43945313	76.34249878	59.30194092	63.66416931
547	81.65144348	45.87732697	60.38931656	90.55106354	7.789169312	61.7315712	16.46765137	76.954216	60.02875137	61.71646118
546	81.32704163	46.32409668	60.9327507	90.41560364	7.753181458	60.94634628	16.49969292	77.55561066	60.75544357	59.77150726
545	80.92998505	46.79327011	61.50179672	90.28079987	7.722707748	60.0934639	16.53182411	78.16130829	61.49080276	57.81914139
544	80.52609253	47.2618103	62.09005737	90.1174469	7.691881657	59.19188309	16.5718174	78.7636261	62.2244339	55.89383316
543	80.13258362	47.75592804	62.67856979	89.94831085	7.668639183	58.24869156	16.61540222	79.36762238	62.9655838	54.01355743
542	79.73991394	48.26554489	63.28474808	89.78001404	7.648481369	57.26810074	16.66823769	79.96700287	63.71306229	52.20597839
541	79.33643341	48.77412415	63.88873291	89.56421661	7.633512497	56.21992874	16.71861267	80.54896545	64.4312973	50.39591217
540	78.96766663	49.31581497	64.52284241	89.34902191	7.618560791	55.16944122	16.77290344	81.12888336	65.18051147	48.69818878
539	78.59703064	49.86100006	65.16213226	89.13387299	7.612428665	54.09148788	16.83689117	81.64865112	65.90995789	47.04324722
538	78.21079254	50.41729355	65.78929901	88.86447906	7.606948376	52.95835876	16.89977074	82.21984863	66.61088562	45.43745041
537	77.86419678	50.9878273	66.45128632	88.6060791	7.608402729	51.83335114	16.96780777	82.76807404	67.31446838	43.93151855
536	77.51617432	51.58317566	67.12081146	88.32115173	7.611104012	50.70087433	17.04173279	83.27965546	68.0335083	42.51543427
535	77.19136047	52.18717575	67.80742645	88.04357147	7.622005939	49.55286026	17.12927246	83.8097229	68.74364471	41.19042206
534	76.84954071	52.80092239	68.47667694	87.72444916	7.633891106	48.41031265	17.21434021	84.29367828	69.42562103	39.90267563
533	76.54753113	53.44168091	69.17415619	87.40301514	7.6508255	47.2588768	17.30303955	84.64839172	70.11470795	38.678936
532	76.24471283	54.11431122	69.89433289	87.06768036	7.671892643	46.11304092	17.40305328	85.10919952	70.79442596	37.52421188
531	75.9444809	54.78074646	70.6098175	86.71891785	7.69923687	44.97852707	17.5039959	85.54444122	71.44943237	36.45249176
530	75.64261627	55.45684814	71.30766296	86.32349396	7.725633144	43.84619141	17.60788345	85.926651	72.0604248	35.42895508
529	75.38886261	56.15408325	72.03772736	85.94903564	7.763866901	42.74049377	17.72083664	86.33395386	72.67999268	34.49431229
528	75.13175201	56.87357712	72.75630951	85.5371933	7.803772926	41.63697815	17.8373642	86.68442535	73.27371216	33.61541748
527	74.88318634	57.60295868	73.47573853	85.12368774	7.845516682	40.64115143	17.96196365	87.01889038	73.85823059	32.81018066
526	74.68003845	58.36384201	74.22563934	84.71615601	7.897898674	39.61039352	18.09558678	87.34509277	74.4336853	32.07711792
525	74.45716858	59.11173248	74.93980408	84.25823212	7.952944279	38.5718689	18.23676491	87.62268066	74.95071411	31.37844276
524	74.26844025	59.884758	75.67842102	83.81370544	8.01156044	37.58555603	18.37704277	87.88162231	75.454422	30.76363564
523	74.07748413	60.66553497	76.39083099	83.41906738	8.078660011	36.61499786	18.52569008	88.10431671	75.9315567	30.19468117
522	73.91030121	61.45993423	77.11747742	82.96633148	8.147694588	35.676651	18.68380356	88.28993225	76.37910461	29.67593765
521	73.78004456	62.27259064	77.85240936	82.48035431	8.226576805	34.76079178	18.84841537	88.46709442	76.80376434	29.21970558
520	73.6577301	63.12016296	78.58180237	81.99042511	8.311658859	33.88549805	19.02432823	88.61805725	77.19908905	28.81933784
519	73.53530884	63.94380951	79.28275299	81.46362305	8.400816917	33.02904129	19.20426941	88.72374725	77.56744385	28.4684124
518	73.4559021	64.80295563	80.00101471	80.95127106	8.496494293	32.21501541	19.39581871	88.80409241	77.90884399	28.17251968
517	73.36888885	65.65113068	80.6958847	80.40672302	8.601020813	31.4249897	19.59031296	88.84548187	78.20294189	27.92071724
516	73.31277466	66.51012421	81.37171936	79.84699249	8.711546898	30.65764618	19.7926445	88.85508728	78.46820068	27.72282982
515	73.27858734	67.38592529	82.05023193	79.29997253	8.828843117	29.93445396	20.00428963	88.83996582	78.6958847	27.58233261
514	73.2791748	68.28288269	82.73111725	78.75667572	8.955776215	29.23480034	20.23257065	88.81843567	78.92246246	27.49807167
513	73.26222992	69.15616608	83.36203003	78.16731262	9.086572647	28.56148529	20.46717644	88.7253418	79.09055328	27.45947838
512	73.2963562	70.05580139	84.02703094	77.60083771	9.233453751	27.91226578	20.71254921	88.64202881	79.21709442	27.47554398
511	73.3298645	70.94191742	84.50708771	77.01238251	9.385362625	27.29385567	20.96202087	88.5213623	79.3201828	27.54891586
510	73.39927673	71.84566498	85.10947418	76.43106079	9.545084953	26.70913124	21.19521523	88.3795166	79.40149689	27.68496513
509	73.47521973	72.73691559	85.68308258	75.82312012	9.716962814	26.14155769	21.47411156	88.20254517	79.43090057	27.87080956
508	73.58138275	73.65080261	86.25442505	75.22823334	9.898445129	25.60956192	21.76301003	88.01461792	79.44195557	28.12946129
507	73.69552612	74.52297974	86.78301239	74.61683655	10.08572102	25.10116768	22.05469513	87.79586792	79.41474152	28.44402504
506	73.82925415	75.40977478	87.28568268	74.00341034	10.29362011	24.61191177	22.36944199	87.54319	79.35565948	28.82872581
505	73.99906921	76.26915741	87.759758	73.39189911	10.49077415	24.15598488	22.69371796	87.28755951	79.26594543	29.27932739
504	74.18985748	77.13217926	88.23358917	72.78209686	10.7188549	23.72359085	23.02775383	87.02184296	79.15039825	29.8092308
503	74.3956604	77.98631287	88.67076874	72.1635437	10.96111202	23.31586647	23.38038063	86.71968842	79.00584412	30.41409302
502	74.61743164	78.8154068	89.06667328	71.54570007	11.21526623	22.9264698	23.74293327	86.4276886	78.83630371	31.0970192
501	74.8687439	79.63231659	89.45248413	70.93058777	11.47956371	22.56331253	24.12773132	86.11878967	78.64979553	31.86548615
500	75.14245605	80.42064667	89.79864502	70.31053925	11.7679987	22.22277451	24.52682495	85.78331757	78.43502045	32.73645782
499	75.41304779	81.17921448	90.11477661	69.68384552	12.06428146	21.90961647	24.93302917	85.44378662	78.19098663	33.68229675
498	75.71273041	81.91942596	90.412117	69.06835938	12.38401222	21.61293221	25.36123466	85.09703064	77.92066956	34.74103928
497	76.03320313	82.62962341	90.65773773	68.4469223	12.71680927	21.33661079	25.80265045	84.73641205	77.64032745	35.89261627
496	76.36164856	83.1791153	90.88276672	67.82087708	13.07205296	21.08387566	26.27054977	84.38182831	77.34068298	37.15486145
495	76.71749878	83.82611847	91.08375549	67.22255707	13.4437561	20.85232162	26.75067139	84.02803802	77.02461243	38.53142548
494	77.07032013	84.41387177	91.24424744	66.59990692	13.8353672	20.66671371	27.24192047	83.63305664	76.68436432	40.01507187
493	77.44155884	84.97657776	91.37140656	65.99313354	14.25177288	20.47675323	27.76892471	83.28572845	76.34150696	41.56784821
492	77.82065582	85.50241852	91.48544312	65.39376068	14.69416904	20.30390739	28.31217003	82.91576385	75.98167419	43.28705597
491	78.22024536	85.98175812	91.5663681	64.80653381	15.15403557	20.15465736	28.87849426	82.68535614	75.62625885	45.10351563
490	78.63665009	86.4234314	91.62568665	64.20280457	15.65118027	20.02950287	29.47280693	82.32843018	75.24957275	47.07920837
489	79.04286194	86.81867981	91.63342285	63.61772919	16.16583824	19.91719246	30.08924675	81.99420166	74.87566376	49.13439941
488	79.43647766	87.13980103	91.63523865	63.0278511	16.71052361	19.82799339	30.72930908	81.64393616	74.48174286	51.27553177
487	79.82758331	87.40556335	91.58460236	62.42793655	17.28436279	19.7537384	31.3805275	81.28601837	74.08693695	53.5152626
486	80.22422791	87.64787292	91.53096771	61.87133026	17.88783836	19.70758247	32.07775879	80.95875549	73.69628143	55.8141098
485	80.60413361	87.82492065	91.45109558	61.31347275	18.52700806	19.68252182	32.80056	80.66397858	73.32209015	58.16250992
484	80.96031952	87.94811249	91.33455658	60.741539	19.19907188	19.67691994	33.53913879	80.34698486	72.91918945	60.54006195
483	81.29995728	88.02690125	91.21923065	60.2027359	19.89809799	19.69120979	34.31447601	80.06452942	72.54064941	62.89043427
482	81.6200943	88.05812073	91.08822632	59.66812897	20.62489319	19.73807144	35.12287903	79.79772949	72.17141724	65.22640991
481	81.89780426	88.01444244	90.9189682	59.12714005	21.38546181	19.79835701	35.96652603	79.54421234	71.78151703	67.48273468
480	82.129776	87.91997528	90.71599579	58.61177444	22.18532753	19.8812027	36.82368851	79.29531097	71.41400909	69.61490631
479	82.32123566	87.79706573	90.53209686	58.10028839	23.03585052	19.98911476	37.72524643	79.0743103	71.0629425	71.6314621
478	82.4556427	87.60977173	90.32417297	57.59937668	23.91895866	20.12862206	38.66596985	78.86011505	70.71083069	73.47402191
477	82.53035736	87.37471008	90.08547974	57.10119629	24.85082436	20.2930336	39.63637543	78.67267609	70.37523651	75.13320923
476	82.5707016	87.10548401	89.88588715	56.64058304	25.80491829	20.49023438	40.6408577	78.51902008	70.06742096	76.5851593
475	82.48104095	86.76740265	89.6279068	56.15583801	26.79927635	20.70530891	41.61070633	78.34234619	69.73325348	77.78253937
474	82.35964203	86.42170715	89.39665985	55.70225525	27.85032082	20.9332962	42.70662308	78.22943878	69.45522308	78.8065033
473	82.12651062	86.0054245	89.13551331	55.25111389	28.91388893	21.21494102	43.80977631	78.12294006	69.15897369	79.5664444
472	81.79879761	85.56834412	88.87796021	54.82043457	30.01533699	21.52947998	44.95701599	78.03081512	68.90009308	80.1181488
471	81.37801361	85.08705139	88.62251282	54.3924675	31.16036987	21.88424873	46.15037537	77.96512604	68.65059662	80.47787476
470	80.86584473	84.57235718	88.3667984	53.98185349	32.32127762	22.27478409	47.38150406	77.91770172	68.4055481	80.66632843
469	80.23093414	84.02883148	88.0957489	53.58537292	33.53019714	22.70901299	48.63971329	77.89604187	68.20861053	80.70123291
468	79.50008392	83.4726944	87.84679413	53.19713974	34.75849533	23.18739891	49.94547653	77.89201355	68.01596069	80.62654877
467	78.6447525	82.98673248	87.58768463	52.81345749	36.00865173	23.71209717	51.28829956	77.90518951	67.83769226	80.452034
466	77.70256042	82.38742065	87.34780884	52.46210861	37.28429413	24.28635216	52.67762375	77.95724487	67.69801331	80.23897552
465	76.61978912	81.74594116	87.102211	52.09820938	38.57090378	24.92813301	54.10786819	78.01672363	67.56455231	79.97615051
464	75.46073151	81.11742401	86.86084747	51.76318741	39.85313034	25.60137558	55.545681	78.08154297	67.45180511	79.7095108
463	74.18172455	80.46279907	86.63513947	51.44828415	41.15198135	26.35910416	57.03105164	78.20406342	67.3722229	79.46399689
462	72.8203125	79.79766083	86.40138245	51.12874985	42.37659836	27.16905212	58.54224396	78.31446075	67.31486511	79.23218536
461	71.35978699	79.11994934	86.2015152	50.84536743	43.65871429	28.05294991	60.08087921	78.46878815	67.28572845	79.05641174
460	69.83982086	78.45206451	86.00363159	50.57094193	44.91543579	29.0117569	61.63505936	78.63465881	67.27453613	78.9477005
459	68.2490921	77.79901123	85.82772827	50.30926895	46.16418076	30.04882622	63.22480011	78.82470703	67.3010025	78.91703033
458	66.59165192	77.12880707	85.78412628	50.05696487	47.38324738	31.18084145	64.81799316	79.0304718	67.34091949	78.94189453
457	64.88104248	76.4883194	85.62423706	49.82592392	48.56529617	32.38751984	66.41524506	79.23925781	67.41988373	79.02246094
456	63.15078735	75.84159851	85.49180603	49.60400391	49.71282959	33.68683243	68.01364899	79.49255371	67.51530457	79.20108795
455	61.36035919	75.19013214	85.3456955	49.39893341	50.83436203	35.10256577	69.61463928	79.72587585	67.63726807	79.42253876
454	59.57696533	74.56299591	85.23852539	49.22307587	51.89392471	36.61491776	71.2180481	79.98765564	67.7857666	79.70901489
453	57.78113556	73.94217682	85.111763	49.03456116	52.90407562	38.21369553	72.78102875	80.24139404	67.94391632	80.02088928
452	56.00458527	73.34967041	85.03656006	48.88057709	53.87580872	39.93949509	74.3443985	80.53200531	68.15097809	80.39211273
451	54.2341423	72.77667236	84.99022675	48.7530899	54.80437851	41.77609253	75.8804245	80.84031677	68.3815155	80.78701019
450	52.50642395	72.22497559	84.92629242	48.63153458	55.667202	43.7117157	77.36834717	81.12664795	68.63358307	81.19881439
449	50.77572632	71.68617249	84.90422821	48.52312851	56.46371078	45.75754547	78.80205536	81.42271423	68.9233017	81.59017181
448	49.12264633	71.18930054	84.90531158	48.44296265	57.22710037	47.81054306	80.20332336	81.73792267	69.23619843	81.97911072
447	47.47727966	70.6909256	84.88479614	48.36988831	57.92778778	50.03378296	81.55235291	82.04480743	69.55765533	82.32884216
446	45.89367676	70.23334503	84.91442108	48.32870865	58.58770752	52.32409668	82.82518005	82.3565979	69.91613007	82.62695313
445	44.39505768	69.79241943	84.93841553	48.30057144	59.18533325	54.65435791	84.00177002	82.66725922	70.28660583	82.87537384
444	42.98233795	69.3952179	84.98841095	48.28607559	59.73183441	56.99438477	85.12246704	82.95090485	70.69008636	83.02986908
443	41.56321716	69.00450897	85.04912567	48.29456329	60.23827744	59.34170532	86.1558609	83.24640656	71.09462738	83.1207428
442	40.221241	68.66896057	85.13580322	48.31833267	60.69896698	61.63299179	87.06568909	83.53026581	71.54325867	83.11282349
441	38.95267105	68.36035919	85.25146484	48.37563705	61.12024307	63.84054947	87.8081665	83.79127502	72.00485229	83.05318451
440	37.75557327	68.05734253	85.32995605	48.44980621	61.49185181	65.87943268	88.48358154	84.03820801	72.44718933	82.87011719
439	36.61876297	67.81373596	85.46290588	48.53904724	61.84511185	67.76978302	89.20211792	84.27338409	72.93397522	82.64041901
438	35.54776764	67.60120392	85.58228302	48.65250778	62.15738678	69.44226074	89.73951721	84.48104858	73.4099884	82.33107758
437	34.56079483	67.41298676	85.72457886	48.7737999	62.43737793	70.84079742	90.14014435	84.63619232	73.88683319	81.95414734
436	33.62966919	67.27693939	85.89664459	48.93707275	62.71955872	71.99268341	90.34484863	84.81491089	74.38990784	81.56386566
435	32.76330948	67.16957092	86.0477066	49.12520218	62.95316696	72.83865356	90.47949219	84.94934082	74.88430023	81.12971497
434	31.96117592	67.0872345	86.21921539	49.31511688	63.17399216	73.36112976	90.52622223	85.0403595	75.35927582	80.68373871
433	31.21964073	67.05473328	86.38805389	49.54421234	63.40142441	73.59190369	90.64751434	85.11312103	75.82104492	80.24195862
432	30.54531479	67.05525208	86.57692719	49.80516052	63.60300064	73.51783752	90.41842651	85.1521759	76.29251099	79.83708191
431	29.93543816	67.08985901	86.76265717	50.07441711	63.80103302	73.17402649	90.15081787	85.15731049	76.72473145	79.4563446
430	29.37464142	67.16611481	86.93588257	50.37520981	63.97683716	72.5604248	89.97253418	85.12104797	77.13382721	79.12068939
429	28.88379478	67.28579712	87.14096832	50.70624542	64.14620972	71.77331543	89.578125	85.04671478	77.52741241	78.84078217
428	28.44015884	67.44056702	87.23091888	51.06026459	64.30877686	70.77949524	89.0260849	84.9575882	77.87284851	78.62631989
427	28.05396652	67.62284851	87.50646973	51.45433426	64.45883179	69.65207672	88.57883453	84.82180023	78.20085144	78.50836182
426	27.72525215	67.85968018	87.67856598	51.85772705	64.59399414	68.41481781	87.96218109	84.64012146	78.4668808	78.42642212
425	27.44768524	68.12259674	87.83610535	52.29472351	64.70828247	67.1193924	87.30587769	84.4331131	78.68375397	78.44587708
424	27.20858765	68.42177582	87.91046143	52.7484436	64.81264496	65.77264404	86.58802795	84.18071747	78.85235596	78.49525452
423	27.04154587	68.78536224	88.18636322	53.26823425	64.91864014	64.43558502	85.85919952	83.91938019	78.97846985	78.67205048
422	26.92368317	69.17631531	88.33201599	53.80685806	65.00913239	63.10925293	85.07143402	83.6174469	79.04454041	78.87659454
421	26.85791779	69.57946777	88.36632538	54.36488342	65.06250763	61.8487587	84.27009583	83.29605103	79.02758026	79.12205505
420	26.83540916	70.04660034	88.59153748	54.96873856	65.08621979	60.6385231	83.45199585	82.94754028	78.96157837	79.4079895
419	26.87885475	70.5435791	88.69902802	55.60006332	65.10129547	59.52206421	82.61591339	82.58364868	78.82312775	79.71040344
418	26.96742439	71.07102966	88.70388794	56.27080917	65.09560394	58.49265289	81.79746246	82.19007111	78.63004303	80.03408813
417	27.11373329	71.62075043	88.75338745	56.9683075	65.06191254	57.58288956	80.97875977	81.77682495	78.35723114	80.31400299
416	27.31241226	72.20301819	88.93777466	57.69783783	64.98403931	56.76234436	80.11011505	81.35545349	77.99085236	80.55760956
415	27.56417465	72.80722046	88.99461365	58.46917725	64.90381622	56.06843948	79.3119812	80.94578552	77.57041931	80.8024292
414	27.88125038	73.43064117	88.90829468	59.27789688	64.76134491	55.4915123	78.48069763	80.50180054	77.06735992	80.9420929
413	28.23758125	74.08180237	88.88017273	60.10657501	64.61714172	55.06923294	77.71643066	80.06587982	76.5041275	81.03723907
412	28.65779495	74.7297287	88.84523773	60.99295044	64.44676971	54.75974655	76.94937897	79.62552643	75.8707428	81.03843689
411	29.13771248	75.38645172	88.95414734	61.88789749	64.23504639	54.57234955	76.20090485	79.20737457	75.16051483	80.93843842
410	29.67347145	76.05318451	88.91307068	62.82210922	64.03564453	54.55655289	75.49446869	78.78764343	74.41470337	80.80725861
409	30.2603817	76.72409058	88.75966644	63.78654099	63.80053329	54.6630249	74.83831787	78.39859009	73.6200943	80.57266235
408	30.90558052	77.36090088	88.63346863	64.78669739	63.56628036	54.90758896	74.18817902	77.9994278	72.75811768	80.2752533
407	31.59795761	77.98126984	88.56661987	65.82868958	63.30591965	55.29372787	73.57933807	77.6410675	71.87559509	79.94181824
406	32.32821655	78.54506683	88.52416992	66.88296509	63.03495026	55.81207275	73.00865173	77.27639008	70.90843201	79.56642151
405	33.12871933	79.12531281	88.41851044	67.98535156	62.78955841	56.52144623	72.49315643	76.95517731	69.95054626	79.18503571
404	33.95374298	79.63933563	88.26358032	69.11962891	62.54285049	57.34773254	72.01455688	76.65683746	68.94010925	78.788414
403	34.78020859	80.04466248	87.96963501	70.25502014	62.26480103	58.29444122	71.55576324	76.37395477	67.90211487	78.39707947
402	35.6386261	80.42595673	87.83976746	71.40765381	62.02032471	59.42234421	71.15537262	76.13525391	66.8595047	78.05509949
401	36.4949379	80.71845245	87.71292877	72.61296844	61.80898666	60.68591309	70.80744934	75.93644714	65.80975342	77.75434113
400	37.32904053	80.91439819	87.50395203	73.78786469	61.5894928	62.07107162	70.48451996	75.74672699	64.73330688	77.49492645
399	38.13056183	81.03450775	87.30786133	74.99339294	61.42237091	63.61616898	70.2339325	75.60546112	63.70155334	77.32110596
398	38.87505341	81.02996063	87.11019897	76.20876312	61.28014374	65.26226807	70.03210449	75.51309967	62.64413452	77.21259308
397	39.51664352	80.88388062	86.79779816	77.37277985	61.13928604	66.97013092	69.85119629	75.44671631	61.61384583	77.12995148
396	40.06445313	80.62312317	86.64087677	78.5590744	61.04287338	68.78730011	69.74131775	75.39943695	60.5800705	77.10284424
395	40.49530411	80.24881744	86.44892883	79.72463226	60.97847748	70.67858124	69.66223145	75.4034729	59.57860184	77.14373016
394	40.79281998	79.74236298	86.24447632	80.87982178	60.96328354	72.56929016	69.66290283	75.46987915	58.62630463	77.20989227
393	40.9149704	79.08224487	86.0171051	81.98919678	60.97286987	74.45274353	69.68849182	75.53175354	57.6672554	77.28202057
392	40.87874222	78.32674408	85.79782104	83.08843994	61.01035309	76.28864288	69.77613068	75.65151215	56.75456619	77.33582306
391	40.69689941	77.42446136	85.62438965	84.12463379	61.09591293	78.07559204	69.90908051	75.83564758	55.89448166	77.35429382
390	40.31840515	76.37937164	85.31885529	85.09738159	61.17447662	79.65286255	70.07411957	75.99217987	55.0374527	77.31959534
389	39.78730011	75.2297821	85.22231293	85.99926758	61.29559326	81.06798553	70.28133392	76.18004608	54.23715591	77.20556641
388	39.11830902	73.95565796	85.03593445	86.84699249	61.43994141	82.27586365	70.5670929	76.4185257	53.46363831	77.0218277
387	38.31941986	72.62767029	84.88555145	87.62608337	61.627285	83.24256897	70.87586212	76.65703583	52.74364471	76.7276535
386	37.42560577	71.21614075	84.73252106	88.33773804	61.80223846	83.96364594	71.24410248	76.95703888	52.09505081	76.34859467
385	36.43798828	69.70496368	84.60292053	88.93897247	61.97580719	84.38759613	71.6647644	77.22084808	51.46979141	75.83086395
384	35.41040802	68.15715027	84.47987366	89.46649933	62.1592598	84.55703735	72.13402557	77.5287323	50.89723587	75.25137329
383	34.34093857	66.55292511	84.37626648	89.88887024	62.33123016	84.45487976	72.63771057	77.81147766	50.39128494	74.57984924
382	33.28255844	64.92802429	84.25837708	90.1213913	62.4699707	84.13866425	73.16195679	78.09477997	49.92275238	73.81812286
381	32.22801208	63.27764511	84.20578003	90.35934448	62.59075928	83.60176849	73.73685455	78.39250183	49.52207565	73.03050232
380	31.23736	61.63645935	84.17201233	90.50563049	62.69010925	82.94748688	74.3436203	78.65187836	49.17749786	72.25132751
379	30.2935276	60.02829742	84.14417267	90.59082794	62.73601151	82.18050385	75.0384903	78.89664459	48.91959	71.44229889
378	29.44029236	58.42367554	84.14209747	90.56214905	62.71318817	81.33322144	75.6973114	79.11940002	48.69953537	70.64654541
377	28.66543198	56.85084915	84.13050079	90.44886017	62.62100983	80.44654846	76.37840271	79.26358032	48.55171204	69.8428421
376	27.99295425	55.30079651	84.12847137	90.24087524	62.47909164	79.56032562	77.07711792	79.38160706	48.46416092	69.04974365
375	27.43531227	53.83791351	84.16770935	90.15048981	62.254776	78.74508667	77.77128601	79.46007538	48.46628952	68.25463867
374	26.99808693	52.42165756	84.18517303	89.80951691	61.96952438	78.00937653	78.46307373	79.43375397	48.52281189	67.43470764
373	26.6802578	51.07123184	84.21757507	89.3215332	61.60691452	77.35740662	79.11895752	79.39897919	48.6541214	66.58005524
372	26.49152946	49.77259827	84.25299072	88.80654907	61.16950989	76.78414917	79.75590515	79.2342453	48.85871887	65.65792847
371	26.44527626	48.55312729	84.25792694	88.30836487	60.69798279	76.35186005	80.33641815	79.00267792	49.13240814	64.67193604
370	26.54372215	47.42809677	84.25720215	87.88230896	60.14988327	76.05510712	80.84175873	78.71000671	49.48432922	63.63076019
369	26.79437065	46.34594727	84.2164917	87.28786469	59.57729721	75.81632996	81.26178741	78.30966949	49.90248871	62.48770523
368	27.20750046	45.42575073	84.13291168	86.67058563	58.9583931	75.69932556	81.5971756	77.81227112	50.39202118	61.28881073
367	27.80443382	44.47204971	84.03707886	85.95359802	58.34078979	75.67536163	81.80329132	77.28582764	50.96328354	60.03304672
366	28.58842278	43.60544586	83.88515472	85.37363434	57.71794128	75.69371796	81.91664886	76.67358398	51.60905838	58.69349289
365	29.54826736	42.91199493	83.6132431	84.67830658	57.07875061	75.70415497	81.82487488	75.96647644	52.27797699	57.29220581
364	30.71245766	42.24753571	83.29039001	84.03580475	56.46733475	75.70796204	81.62223053	75.25675964	53.02790833	55.81712723
363	32.09805298	41.67806244	82.80961609	83.38932037	55.88336563	75.71881866	81.27009583	74.4963913	53.81330109	54.27699661
362	33.64424515	41.16946793	82.22952271	82.74389648	55.30831909	75.59338379	80.7283783	73.69030762	54.6326561	52.6235466
361	35.35051727	40.73326111	81.38630676	82.06517792	54.70344925	75.31476593	79.95243073	72.8358078	55.42596054	50.81490707
360	37.22338104	40.39236832	80.3036499	81.3953476	54.1415329	74.8589325	79.03639984	71.97724915	56.22628403	48.80949402
359	39.16469574	40.14405823	78.92694092	80.75730896	53.58628464	74.241539	77.96193695	71.15100098	57.02000809	46.59093475
358	41.09387589	39.94859695	77.11159515	80.08872986	52.96823883	73.33009338	76.70911407	70.30860901	57.71353149	44.00046921
357	42.90487289	39.84035873	74.70481873	79.42391968	52.32174301	72.20993042	75.24932098	69.46604156	58.31478882	40.91853333
356	44.48786545	39.78250122	71.52256012	78.68231201	51.58788681	70.81998444	73.64898682	68.66210938	58.80052948	37.12832642
355	45.6315918	39.78963089	67.46164703	77.95313263	50.77814484	69.20767212	71.9271698	67.90827179	59.13195801	32.65108109
354	46.33294296	39.88257217	62.24694061	77.13300323	49.81541061	67.36830902	70.08866119	67.16270447	59.2882576	27.41344261
353	46.50397491	39.98340225	55.82564926	76.22750854	48.69920731	65.33331299	68.12117767	66.46237946	59.22710419	21.66330338
352	46.03951263	40.14936066	48.37043762	75.24371338	47.3994751	63.12221146	66.08105469	65.83229828	58.9393959	15.89136124
351	45.02774048	40.30835724	40.46163177	74.112854	45.93910599	60.8290596	63.99914551	65.22825623	58.43058777	10.70678902
350	43.45172119	40.50514221	32.49665451	72.8372879	44.28407288	58.38424683	61.884552	64.70643616	57.6588707	6.527865887
349	41.2951622	40.52481842	25.07748604	71.22951508	42.47197342	55.69174957	59.63044739	64.37323761	56.92244339	3.579219341
348	38.99182129	40.67970657	19.53206062	69.48421478	40.39070129	52.98636627	57.37624741	63.9083519	55.38794327	1.947503686
347	36.56890869	40.7963562	15.71467686	67.54517365	38.3024292	50.35943985	55.26149368	63.47525787	53.82714081	1.117991805
346	34.09697342	40.76961899	13.46088505	65.41246033	36.05771637	47.64653397	53.12430191	63.0390892	51.91956329	0.7441095114
345	31.6701088	40.71230316	12.50902557	62.99211502	33.80781555	44.88417053	51.05588913	62.69203568	49.9282074	0.6228976846
344	29.4188652	40.43154907	12.68464184	60.37743759	31.57180595	42.04326248	49.05761337	62.30210495	47.78380966	0.6548497081
343	27.27118492	40.00191498	13.71493149	57.51841736	29.31419945	39.2143898	47.03873062	61.90493774	45.48801041	0.807947278
342	25.25147438	39.34450912	15.31475163	54.39089966	27.08382034	36.24660492	45.10525894	61.41893768	43.10041809	1.062337399
341	23.42442322	38.4580307	17.0809269	51.14317703	24.88563728	33.18595505	43.1736412	60.88873291	40.66303635	1.358303547
340	21.66381073	37.34587097	18.46494293	47.76989365	22.70688057	30.08318329	41.27507019	60.21988297	38.21654129	1.607870698
339	20.02697563	36.02561188	19.15568352	44.40333176	20.62629318	27.03992462	39.55325317	59.50759125	35.85922241	1.735920787
338	18.35656548	34.44055939	19.10151482	40.91362381	18.47740746	23.92167091	37.68200684	58.56464386	33.31978607	1.709043741
337	16.70287323	32.64712906	18.46557808	37.55767441	16.34611702	20.89667511	35.86366653	57.47903061	30.84712601	1.569518089
336	15.06936836	30.71471977	17.49969482	34.24835968	14.27345562	18.03892899	34.03149414	56.18081665	28.40426636	1.378675938
335	13.43907452	28.68913078	16.46741486	31.08503723	12.29144287	15.3809948	32.23324585	54.67097855	26.03040123	1.195148945
334	11.81464005	26.60359955	15.54453087	28.06399727	10.40547371	12.93038464	30.41980934	52.97808075	23.67952728	1.04303503
333	10.22165012	24.47761536	14.84179211	25.27181244	8.679466248	10.76835537	28.55824471	51.07777023	21.39944649	0.933660686
332	8.742728233	22.38470268	14.43693924	22.72229195	7.142142773	8.924062729	26.73769379	49.06302261	19.2419281	0.873020649
331	7.320512295	20.33166504	14.33711624	20.33567619	5.793768406	7.313211441	24.86670494	46.83625793	17.13392258	0.8616675735
330	6.04049015	18.3697567	14.59822845	18.21369171	4.670526028	5.979886532	23.03108215	44.53845978	15.14795113	0.9013609886
329	4.910023689	16.4489975	15.17971039	16.27553177	3.729670763	4.878714085	21.17472458	42.12741089	13.25836468	0.9945172071
328	3.942358971	14.64561081	16.08375359	14.5316391	2.970112562	3.976534605	19.39274597	39.74603271	11.51695633	1.15118289
327	3.125068188	12.99011707	17.21588898	12.98394203	2.371334553	3.245223999	17.64547157	37.34540939	9.939815521	1.359634757
326	2.453175068	11.4040966	18.42428207	11.59710693	1.888319135	2.644331932	15.9339962	34.88836288	8.493082047	1.603624463
325	1.909196734	9.975943565	19.58066559	10.34956169	1.502259135	2.157862186	14.30154324	32.47866821	7.196310043	1.856384277
324	1.480332971	8.663949013	20.44223022	9.274500847	1.20663166	1.767397881	12.79081535	30.16601753	6.06637001	2.066058874
323	1.150580287	7.477763176	21.02140617	8.310326576	0.9705806375	1.444415212	11.37462807	27.86575317	5.086188316	2.209439993
322	0.8884707689	6.408159256	21.31742477	7.449952602	0.7834711075	1.186224937	10.0804472	25.66686821	4.246016026	2.282160759
321	0.6896502376	5.462584019	21.39967346	6.688101768	0.6333528757	0.9715874791	8.891439438	23.53995323	3.530142546	2.298300028
320	0.5403606892	4.649211884	21.39893532	6.017193317	0.5192140341	0.7995430231	7.825200081	21.54120445	2.936275005	2.289195061
319	0.4254662395	3.92148757	21.39189529	5.423203945	0.4234814048	0.6531954408	6.854363441	19.60049629	2.43489027	2.271955013
318	0.3373396695	3.293777704	21.42546844	4.900094986	0.3467874527	0.535445869	5.989501953	17.74919128	2.023048401	2.260929823
317	0.2707595825	2.760349751	21.54035378	4.428854942	0.2847426236	0.4357664287	5.221761703	15.97304058	1.680391312	2.257147074
316	0.2199779302	2.308059216	21.68862534	4.004590034	0.2343096286	0.3534451723	4.549686432	14.30052948	1.396815896	2.255349874
315	0.1801851988	1.91722405	21.8508358	3.624739885	0.1927934587	0.2853401005	3.949549437	12.71025658	1.162305117	2.231310368
314	0.1481962204	1.58925426	21.93842125	3.286419868	0.1582118273	0.2289231122	3.418617249	11.24451351	0.971452117	2.175000191
313	0.1237486452	1.317278981	21.91908455	2.978306055	0.1300296336	0.1820392162	2.953212261	9.904255867	0.812703073	2.059378386
312	0.1047416851	1.087809205	21.71003151	2.700529099	0.1062664762	0.1443361491	2.54198885	8.645256996	0.6806322932	1.87629199
311	0.08878479898	0.895295918	21.28369904	2.447840214	0.08669655025	0.1141525134	2.190174818	7.49593544	0.5705404878	1.619471073
310	0.07551199198	0.7351741791	20.57554626	2.221112967	0.0702008307	0.0899386555	1.874952912	6.465636253	0.4800630808	1.301336884
309	0.06468783319	0.6015277505	19.4496479	2.008442879	0.05666951835	0.06975841522	1.597523451	5.529711723	0.4029788673	0.9551820159
308	0.05613097548	0.4916903973	17.89477539	1.815177321	0.04539279267	0.0541484803	1.362377405	4.727726936	0.3399486244	0.6278505921
307	0.04852534458	0.3999003172	15.82795238	1.637641191	0.03649128601	0.04183872044	1.154947877	3.995187521	0.2852614522	0.3562927842
306	0.04195720702	0.3252074718	13.29557323	1.471808434	0.02849232405	0.03233249858	0.9755578637	3.361028433	0.2406617403	0.1720039248
305	0.03634735569	0.2624463141	10.47655106	1.322729826	0.02216991968	0.02480981126	0.8209745288	2.809841633	0.2025912553	0.06934428215
304	0.03109628707	0.2113872916	7.662147999	1.187781572	0.01643706672	0.01860266551	0.6885714531	2.342156649	0.1706710607	0.02174735256
303	0.02785183303	0.1701133996	5.13425684	1.059069991	0.01258235611	0.01419586223	0.574021101	1.935881138	0.1432815492	0.003585668048
302	0.02427422814	0.1357486844	3.166815281	0.9452463984	0.009057882242	0.01098098047	0.476872772	1.59256196	0.1203453392	0.002477016533
301	0.02167059109	0.1076899841	1.826146007	0.8374056816	0.006255273707	0.008129327558	0.3946825862	1.301782131	0.1004751101	0.003943165764
300	0.01846594177	0.08535402268	1.012328506	0.742045939	0.003583207494	0.006021339446	0.3254276514	1.062261105	0.08394655585	-0.004854070023
