lam	RPoly1	RPoly2	RPoly3	RPoly4	RPoly5	RPoly6	RPoly7	RPoly8	RPoly9	RPoly11
1800	22.4274807	8.190777779	8.670883179	9.320105553	9.106175423	12.79487801	9.820193291	6.46260643	8.090185165	8.150179863
1796	22.55866051	8.159773827	8.661500931	9.264116287	9.105583191	12.7413969	9.757202148	6.472407818	8.08081913	8.101667404
1792	22.74515724	8.138091087	8.674780846	9.236954689	9.129191399	12.70785427	9.720254898	6.491905689	8.10669136	8.082562447
1788	22.95518112	8.130632401	8.697404861	9.220228195	9.160604477	12.68680096	9.690201759	6.51346302	8.133211136	8.065853119
1784	23.16249466	8.124781609	8.718485832	9.203975677	9.194758415	12.6663599	9.655605316	6.539885998	8.167874336	8.049803734
1780	23.36667824	8.120238304	8.739811897	9.183437347	9.221491814	12.64267826	9.625198364	6.616913795	8.201534271	8.031259537
1776	23.56002235	8.108686447	8.760719299	9.159899712	9.248338699	12.61525249	9.593519211	6.727269173	8.230257034	8.014750481
1772	23.75326347	8.093848228	8.78176403	9.139141083	9.273748398	12.58759689	9.552711487	6.858615875	8.257802963	7.98824358
1768	23.93595886	8.085891724	8.800514221	9.112441063	9.297111511	12.55372143	9.52534771	7.009667873	8.294618607	7.965270519
1764	24.12036324	8.083402634	8.806743622	9.079417229	9.313352585	12.51917076	9.482510567	7.184644222	8.316289902	7.936783314
1760	24.2938385	8.066095352	8.829927444	9.051467896	9.328172684	12.48445511	9.442297935	7.388836861	8.346137047	7.916106701
1756	24.46581268	8.054406166	8.840796471	9.019441605	9.339676857	12.44543934	9.405643463	7.60406971	8.36992836	7.885373592
1752	24.62919998	8.045772552	8.853802681	8.981698036	9.351556778	12.40427494	9.358963013	7.846899509	8.402025223	7.85637188
1748	24.79497147	8.038586617	8.86707592	8.946873665	9.358462334	12.36196232	9.313159943	8.101956367	8.42525959	7.828241825
1744	24.95474434	8.027927399	8.880338669	8.914634705	9.36465168	12.31850338	9.271389008	8.371259689	8.446713448	7.806457043
1740	25.10886765	8.018969536	8.893945694	8.881128311	9.366685867	12.27447033	9.227342606	8.659999847	8.470516205	7.771539211
1736	25.2621994	8.003217697	8.898346901	8.83197403	9.3760252	12.23045254	9.176787376	8.95151329	8.498327255	7.736095428
1732	25.40462875	7.995072365	8.904772758	8.790042877	9.37008667	12.17405319	9.131537437	9.258769989	8.518587112	7.703593731
1728	25.54956818	7.980062962	8.913471222	8.752613068	9.371632576	12.12790203	9.082262039	9.574934959	8.541484833	7.668589592
1724	25.69024658	7.96663332	8.915019035	8.705377579	9.36575985	12.07871246	9.029533386	9.907674789	8.567332268	7.637475967
1720	25.82404327	7.958864689	8.919734001	8.655026436	9.356732368	12.02254009	8.98039341	10.22490692	8.592313766	7.603787422
1716	25.95901108	7.944183826	8.922956467	8.609883308	9.349517822	11.97333336	8.929121971	10.53896999	8.610301018	7.574328899
1712	26.0908699	7.937244892	8.929424286	8.565270424	9.341770172	11.91452599	8.874786377	10.85448074	8.637716293	7.541985035
1708	26.22180176	7.928303719	8.934522629	8.517156601	9.335515976	11.86932945	8.821648598	11.16181469	8.659031868	7.506187439
1704	26.35142899	7.919043064	8.938275337	8.476701736	9.322854996	11.81374168	8.769635201	11.45671749	8.686876297	7.473359108
1700	26.47884941	7.913339615	8.942202568	8.434354782	9.32166481	11.75899696	8.719512939	11.74525452	8.715884209	7.440914154
1696	26.6064682	7.90559721	8.945750237	8.382927895	9.315858841	11.7066555	8.671066284	12.0233202	8.746053696	7.413587093
1692	26.71529961	7.897225857	8.953178406	8.33825779	9.29619503	11.64945889	8.607976913	12.30265808	8.772155762	7.380353451
1688	26.8294239	7.897885323	8.950468063	8.290493965	9.279391289	11.58774662	8.562868118	12.58436775	8.795725822	7.3546772
1684	26.93905067	7.890544415	8.95341301	8.240298271	9.267357826	11.5305624	8.507540703	12.86857224	8.824367523	7.33014679
1680	27.04040909	7.882604122	8.954026222	8.195845604	9.251242638	11.47804451	8.449199677	13.16646099	8.856054306	7.298257351
1676	27.14193344	7.883978844	8.951159477	8.146089554	9.23832798	11.41388416	8.405357361	13.45674992	8.896391869	7.276960373
1672	27.23474693	7.881916046	8.960045815	8.097538948	9.215716362	11.35591125	8.34059906	13.78316498	8.922496796	7.257358074
1668	27.32256699	7.887350082	8.95123291	8.053937912	9.196322441	11.29986095	8.294416428	14.1358366	8.952058792	7.231283188
1664	27.41238213	7.878758907	8.955334663	7.999186039	9.178206444	11.23928928	8.237092972	14.47042084	8.990960121	7.21407938
1660	27.49299049	7.875483513	8.960401535	7.946900845	9.157058716	11.18018627	8.179310799	14.82977486	9.018065453	7.20340538
1656	27.57131195	7.889312267	8.961648941	7.908404827	9.141306877	11.12118626	8.128789902	15.1544199	9.057295799	7.185236454
1652	27.68410492	7.886565685	8.95495224	7.861041069	9.122404099	11.07111073	8.080147743	15.41482067	9.099077225	7.172397614
1648	27.80779076	7.901097775	8.983231544	7.831385612	9.118632317	11.02174854	8.039272308	15.63094521	9.154799461	7.170782566
1644	27.88124275	7.917246342	8.993323326	7.790383816	9.106076241	10.96675873	7.990231514	15.78690434	9.211470604	7.172021866
1640	28.00047874	7.92591238	8.991733551	7.754348755	9.099113464	10.91819572	7.948262215	15.875103	9.256280899	7.169760704
1636	28.07686806	7.935430527	8.999550819	7.709338665	9.082299232	10.86252499	7.893613338	15.96859169	9.311645508	7.171410084
1632	28.14662552	7.959697723	9.008298874	7.662781239	9.054995537	10.80430317	7.85295248	16.03989029	9.351557732	7.16655159
1628	28.22223663	7.952837944	8.99655056	7.626046181	9.028181076	10.75334358	7.79859972	16.0852356	9.400218964	7.155424118
1624	28.26033401	7.975941658	9.00652504	7.568120956	9.002239227	10.68843842	7.743906975	16.13875771	9.430158615	7.15577507
1620	28.33521652	7.97898674	9.001211166	7.52302599	8.966032028	10.63840961	7.698358536	16.17951584	9.485799789	7.162099361
1616	28.35958862	7.998167515	8.993650436	7.480142117	8.942501068	10.57948208	7.63892889	16.23356628	9.516040802	7.150989056
1612	28.41642189	8.001434326	8.994524002	7.421489239	8.90674305	10.52366066	7.595236778	16.26094627	9.569105148	7.154257774
1608	28.44426346	8.028009415	8.98668766	7.377907276	8.868268967	10.46991634	7.528484344	16.29672241	9.606524467	7.162703991
1604	28.47472572	8.040345192	8.995038033	7.328118801	8.832839012	10.41772747	7.486695766	16.34900475	9.651295662	7.167759418
1600	28.51008987	8.053751945	8.976837158	7.284799099	8.79761219	10.35502911	7.429403782	16.36317825	9.700141907	7.178192139
1596	28.51517105	8.07903862	8.982758522	7.234323502	8.757042885	10.30351734	7.384373188	16.42557526	9.749437332	7.190014362
1592	28.55331421	8.083314896	8.975908279	7.184537411	8.72413063	10.24992371	7.328505039	16.45578194	9.783489227	7.201147079
1588	28.55819321	8.112750053	8.970370293	7.144603729	8.675729752	10.20050716	7.283441544	16.48298454	9.839802742	7.224919796
1584	28.55874252	8.145953178	8.969177246	7.090025425	8.649777412	10.1443491	7.238305092	16.54860687	9.89122963	7.236687183
1580	28.57126808	8.154652596	8.949682236	7.046300888	8.596541405	10.10066509	7.190971375	16.56826591	9.945352554	7.253846169
1576	28.57755661	8.17899704	8.950509071	6.999895096	8.559120178	10.04931641	7.142210484	16.61546707	9.990520477	7.276174545
1572	28.5590229	8.214725494	8.954972267	6.967387199	8.521368027	9.996152878	7.09012413	16.66029549	10.04115677	7.304347992
1568	28.53316116	8.250161171	8.941862106	6.920572281	8.464063644	9.951243401	7.046504021	16.68663979	10.08351421	7.327433109
1564	28.52829361	8.267741203	8.927736282	6.870398998	8.425577164	9.905297279	7.006549835	16.72225189	10.14701366	7.361434937
1560	28.51859474	8.296040535	8.929594994	6.83089447	8.392253876	9.859909058	6.955265522	16.77083015	10.19925022	7.383146286
1556	28.48493767	8.325679779	8.930389404	6.79402256	8.334511757	9.812437057	6.911976337	16.80150414	10.26659966	7.413069725
1552	28.44760704	8.358524323	8.913597107	6.74909687	8.282637596	9.774057388	6.870596886	16.80431175	10.31219769	7.453142643
1548	28.3967762	8.402855873	8.900470734	6.703916073	8.248276711	9.728189468	6.825581074	16.85372353	10.37047005	7.483663559
1544	28.34749603	8.437726974	8.889576912	6.66039753	8.19575119	9.684822083	6.783776283	16.86693001	10.42289448	7.524132252
1540	28.28295135	8.47746563	8.883868217	6.620638371	8.148392677	9.649036407	6.745522976	16.88771057	10.47989941	7.557623386
1536	28.22473145	8.515034676	8.87417984	6.584662914	8.098343849	9.608469963	6.702805996	16.92129517	10.53260899	7.593039989
1532	28.15834999	8.549271584	8.865009308	6.544125557	8.047798157	9.57329464	6.665549755	16.93086433	10.59003544	7.634570122
1528	28.08678055	8.594471931	8.857289314	6.500535488	7.986580849	9.534679413	6.625995159	16.94731522	10.63930798	7.680713177
1524	28.01127815	8.632009506	8.842651367	6.472001076	7.936262608	9.495839119	6.590794563	16.95309258	10.702281	7.721681118
1520	27.93152046	8.669636726	8.829587936	6.429298401	7.882081032	9.463405609	6.560363293	16.96726227	10.76405621	7.765914917
1516	27.84562492	8.708790779	8.818772316	6.390979767	7.820207596	9.429487228	6.51717186	16.97485733	10.82911015	7.805314064
1512	27.74283028	8.76113987	8.806800842	6.359942913	7.767024994	9.399727821	6.485163212	16.98734474	10.88423729	7.853790283
1508	27.62394905	8.809309959	8.782707214	6.320896626	7.709826946	9.373887062	6.450264454	16.97940636	10.93363667	7.89991951
1504	27.50304031	8.866066933	8.772943497	6.283690929	7.662988186	9.343017578	6.420054436	16.99221611	11.00000858	7.944284916
1500	27.38724327	8.909906387	8.761827469	6.256908894	7.608546734	9.313574791	6.383521557	16.98516083	11.06360149	7.998031616
1496	27.2717514	8.95273304	8.746982574	6.227287292	7.544765472	9.291617393	6.355110168	16.97677422	11.12253666	8.055091858
1492	27.12839127	9.009479523	8.730959892	6.196165562	7.487715244	9.265156746	6.326247692	16.98318481	11.17733765	8.099866867
1488	26.97143745	9.067108154	8.708043098	6.166269302	7.435780525	9.246756554	6.305305481	16.9636097	11.2474556	8.141903877
1484	26.84589195	9.112997055	8.68938446	6.137453556	7.367297173	9.228866577	6.272326946	16.99308968	11.30132103	8.194238663
1480	26.69311523	9.181211472	8.677719116	6.108344555	7.315868378	9.20375824	6.252607822	16.9793396	11.37704563	8.248225212
1476	26.50800133	9.241892815	8.661850929	6.08309412	7.261998177	9.18807888	6.227419376	16.95263863	11.43157578	8.281855583
1472	26.36836624	9.297608376	8.648182869	6.069719791	7.201042652	9.17755127	6.209979057	16.95623779	11.50246334	8.337170601
1468	26.16162109	9.36367321	8.621034622	6.043971062	7.141925335	9.166196823	6.196932793	16.94011497	11.55788517	8.385205269
1464	26.0034523	9.419222832	8.601327896	6.022459507	7.088653088	9.148283005	6.168849468	16.92323112	11.62870789	8.426987648
1460	25.78740883	9.490872383	8.593297005	5.995761871	7.026285172	9.140004158	6.158118248	16.92676353	11.68026257	8.480650902
1456	25.61050224	9.557851791	8.563817024	5.984057426	6.97850132	9.130840302	6.138522625	16.88380432	11.74347973	8.507577896
1452	25.38412094	9.619976997	8.546778679	5.960468292	6.917079449	9.124347687	6.134170532	16.89004517	11.81939316	8.556851387
1448	25.18272972	9.69301033	8.527488708	5.956941605	6.867078781	9.113554001	6.120755196	16.85307121	11.88113022	8.59732914
1444	24.963974	9.757785797	8.506357193	5.945146561	6.802034855	9.113689423	6.114129543	16.83449936	11.93313122	8.629252434
1440	24.71903419	9.837252617	8.479866982	5.931747437	6.752646446	9.106143951	6.103326797	16.80252075	12.01071835	8.673844337
1436	24.4969883	9.904001236	8.462329865	5.912975311	6.701135635	9.101139069	6.094849586	16.74480247	12.07522106	8.698657036
1432	24.24222755	9.975016594	8.438957214	5.912305355	6.646326065	9.101989746	6.091108799	16.74823952	12.13175678	8.719952583
1428	23.98481369	10.05038357	8.409966469	5.906606197	6.594501972	9.095308304	6.091792107	16.6855278	12.18876171	8.752275467
1424	23.72434425	10.12911987	8.395368576	5.902090073	6.539783955	9.102890015	6.103540421	16.60775375	12.24303818	8.781110764
1420	23.46842194	10.21439075	8.37461853	5.90335083	6.48870039	9.103292465	6.105863094	16.6323185	12.31045055	8.808463097
1416	23.20524979	10.29165745	8.346102715	5.914771557	6.441029549	9.105712891	6.10522604	16.57169151	12.37415314	8.824850082
1412	22.93911362	10.37406731	8.320214272	5.912480831	6.394209862	9.108258247	6.123738766	16.52066803	12.43567276	8.846094131
1408	22.64748383	10.45295143	8.300214767	5.920939922	6.350161552	9.111379623	6.121200085	16.45403862	12.50240898	8.85605526
1404	22.3432827	10.53417587	8.270454407	5.933166981	6.303864956	9.115083694	6.144665718	16.48593521	12.55736065	8.869730949
1400	22.06113243	10.62854195	8.251644135	5.944158554	6.252608299	9.133149147	6.159615993	16.51044464	12.62410259	8.87563324
1396	21.74763298	10.71458054	8.223454475	5.958472729	6.22624445	9.144180298	6.18903017	16.41015625	12.69609547	8.895921707
1392	21.43326187	10.80091763	8.192049026	5.983269691	6.173187733	9.152215958	6.205134869	16.33252525	12.74652481	8.878518105
1388	21.14579582	10.89975834	8.178533554	6.006728649	6.142706871	9.155594826	6.231659412	15.99260235	12.81865978	8.877673149
1384	20.80986023	10.98505974	8.149560928	6.025387287	6.1014781	9.163514137	6.26020813	16.11832047	12.87025642	8.869122505
1380	20.4791069	11.05547523	8.120397568	6.049163342	6.05691576	9.169327736	6.285025597	16.45265007	12.91206646	8.853085518
1376	20.14408493	11.14892387	8.095467567	6.075116158	6.029608727	9.178215981	6.32410717	16.0411396	12.98138332	8.841041565
1372	19.84353256	11.2609396	8.080377579	6.121277332	6.005055428	9.183935165	6.365749836	15.87295341	13.05247688	8.826384544
1368	19.49271774	11.3550663	8.044743538	6.151766777	5.954467297	9.197258949	6.403718948	16.00053024	13.08460426	8.795902252
1364	19.15951729	11.44501495	8.027920723	6.204559326	5.937706947	9.205763817	6.454776764	16.02603912	13.15012836	8.775971413
1360	18.80720139	11.53059959	7.996191502	6.24589777	5.918322563	9.212221146	6.493305206	15.8327055	13.20538044	8.748541832
1356	18.4577179	11.63594913	7.964777946	6.286435127	5.88773489	9.220774651	6.551285267	15.57947159	13.2576046	8.714659691
1352	18.09591866	11.70889664	7.943834782	6.337545872	5.856204987	9.222923279	6.597929478	15.66287613	13.29655075	8.667836189
1348	17.76576424	11.82602024	7.904537678	6.398644924	5.837008476	9.228910446	6.653336525	15.56717014	13.35242748	8.632828712
1344	17.42364693	11.90827942	7.880850792	6.457816124	5.843980789	9.23071003	6.716468811	15.51968956	13.40043736	8.587061882
1340	17.07912445	12.02084064	7.860570908	6.515617847	5.821537971	9.238278389	6.784548283	15.42750072	13.44413471	8.544376373
1336	16.74758339	12.10594749	7.832049847	6.595927238	5.817361355	9.241856575	6.842787266	15.3380661	13.49552631	8.490056992
1332	16.39852142	12.21849918	7.805968761	6.669399738	5.81039381	9.24204731	6.933096409	15.26926231	13.54190063	8.431302071
1328	16.07541847	12.31637573	7.773302078	6.740726471	5.807535172	9.236733437	7.011519909	15.17797565	13.57737446	8.377586365
1324	15.73911858	12.40378952	7.752027035	6.830152988	5.81081295	9.242148399	7.091506481	15.10129929	13.61053276	8.320595741
1320	15.41441727	12.51172161	7.728714943	6.918469429	5.807134628	9.241926193	7.170644283	14.99342537	13.65257168	8.262122154
1316	15.10331726	12.61701679	7.697306156	7.004621983	5.826902866	9.23558712	7.25715065	14.92619133	13.68725681	8.192162514
1312	14.80234909	12.71879768	7.667940617	7.111314297	5.834237576	9.231386185	7.35706234	14.81093788	13.72805786	8.134149551
1308	14.51094246	12.81378746	7.648061752	7.206254482	5.845274448	9.225405693	7.457463264	14.72898769	13.7703371	8.06680584
1304	14.22292233	12.91300869	7.629939079	7.31716156	5.873675346	9.214958191	7.556446075	14.63418102	13.79430866	8.007461548
1300	13.94839859	13.01430035	7.608244896	7.432113171	5.892086506	9.193208694	7.669032097	14.55073357	13.8228693	7.937614918
1296	13.68796539	13.11225605	7.588088036	7.552958965	5.924929142	9.183050156	7.775053024	14.44273376	13.84990501	7.875447273
1292	13.44209099	13.21200657	7.55469799	7.675078869	5.95903635	9.172532082	7.890544891	14.35121059	13.87018871	7.798233509
1288	13.20707798	13.3184309	7.536812305	7.813043118	5.992384434	9.145235062	8.017870903	14.23945141	13.89586639	7.735871792
1284	12.9931736	13.41915035	7.508206367	7.952717304	6.029038429	9.125713348	8.139472008	14.15892124	13.91847038	7.675273418
1280	12.78722477	13.51794624	7.494705677	8.107848167	6.07433033	9.097852707	8.283949852	14.04399681	13.93214798	7.615015984
1276	12.6022377	13.61335087	7.478517532	8.253764153	6.123579025	9.076352119	8.40779686	13.96154785	13.94688416	7.556237698
1272	12.44802475	13.70838833	7.452844143	8.402238846	6.174021721	9.042798996	8.539385796	13.85526657	13.96555424	7.48438549
1268	12.31261253	13.81215763	7.439992905	8.574604988	6.236571312	9.011657715	8.697780609	13.76068401	13.96593857	7.434843063
1264	12.18836498	13.90262508	7.419585705	8.751411438	6.293839455	8.977855682	8.83775425	13.66096783	13.97916126	7.380816936
1260	12.0934248	13.99903107	7.401112556	8.927886009	6.357448101	8.935684204	8.99694252	13.55863285	13.97991276	7.329620838
1256	12.02765656	14.09468651	7.394624233	9.110394478	6.440383434	8.893095016	9.153202057	13.46611404	13.98985195	7.279753208
1252	11.96465969	14.1857338	7.376818657	9.304507256	6.512294769	8.852090836	9.318533897	13.37106323	13.97942829	7.244734287
1248	11.95292282	14.28072929	7.369642735	9.512304306	6.601412773	8.809500694	9.480656624	13.27091408	13.97490406	7.206848621
1244	11.95126534	14.37267685	7.353129864	9.71079731	6.685344219	8.758522987	9.658454895	13.17794514	13.96968746	7.168284416
1240	11.98181057	14.45862198	7.345499992	9.928870201	6.776465416	8.707296371	9.83889389	13.09661293	13.95743275	7.143495083
1236	12.04383087	14.54869556	7.337376118	10.15717316	6.876698017	8.64812851	10.01827717	12.99114799	13.94192982	7.121546268
1232	12.1221447	14.63517952	7.329144955	10.38732147	6.982268333	8.591388702	10.1969099	12.9153738	13.92155552	7.102880478
1228	12.23318481	14.72033119	7.328952312	10.62150764	7.082562923	8.537194252	10.39167595	12.82107258	13.90388203	7.090041161
1224	12.3821516	14.79753494	7.320613384	10.86815357	7.188697338	8.47761631	10.58228874	12.73374081	13.8794136	7.084385872
1220	12.55895233	14.87982941	7.316831589	11.11921501	7.301822662	8.414689064	10.78743839	12.64725208	13.8509798	7.086676598
1216	12.76507473	14.95824242	7.319917202	11.38311577	7.421906471	8.349425316	10.98893166	12.57272911	13.81661987	7.091039658
1212	13.00858402	15.04040051	7.325432301	11.6473856	7.544957161	8.29077816	11.19775486	12.4951086	13.78000546	7.103341579
1208	13.27907753	15.11155796	7.32897234	11.91971302	7.672780991	8.221639633	11.40514469	12.40828323	13.74670029	7.131927967
1204	13.58846092	15.18185711	7.331152916	12.20502949	7.803608894	8.159406662	11.61327934	12.34773827	13.71039486	7.153479099
1200	13.92174625	15.25619698	7.345723152	12.49197578	7.940805435	8.096221924	11.84041595	12.27576733	13.65957451	7.184735775
1196	14.28599262	15.32013035	7.355178833	12.78495693	8.08970356	8.032118797	12.06230354	12.26887608	13.59504414	7.226792336
1192	14.70523548	15.38584995	7.359892845	13.09385681	8.233728409	7.971226215	12.28211403	12.21257877	13.5490551	7.272950649
1188	15.14461136	15.44405556	7.376187801	13.40715599	8.371870995	7.906492233	12.51170921	12.15952969	13.48348904	7.317535877
1184	15.62395668	15.50813198	7.396855831	13.73221207	8.52491951	7.843299866	12.74538326	12.11092567	13.42763329	7.375946045
1180	16.14176941	15.56007195	7.413318157	14.05579662	8.682684898	7.788444042	12.98315144	12.05273533	13.3540287	7.439619064
1176	16.69083023	15.61607265	7.428602695	14.39472008	8.834863663	7.731133938	13.21762085	12.01512337	13.29336357	7.512507439
1172	17.27258682	15.65931034	7.456525326	14.73691082	8.991262436	7.67898941	13.46732903	11.97891045	13.21699333	7.576862812
1168	17.88370132	15.70672035	7.480712414	15.08946991	9.147431374	7.634883881	13.70450306	11.93793011	13.13572598	7.645506859
1164	18.52465439	15.74909592	7.510304451	15.4453907	9.304476738	7.587146282	13.94905472	11.91505814	13.05642414	7.732598305
1160	19.20862389	15.78913307	7.54324913	15.81525612	9.472263336	7.551159382	14.20437622	11.89660454	12.97534847	7.813521862
1156	19.90179253	15.82830429	7.580919266	16.18736076	9.634554863	7.520164013	14.4524231	11.88370991	12.88096714	7.898725986
1152	20.63205338	15.85812378	7.613422394	16.57086754	9.798248291	7.49431324	14.70700073	11.88411427	12.78974438	7.990008831
1148	21.3882637	15.88426113	7.653877258	16.95537567	9.964713097	7.47994566	14.96069622	11.87074947	12.69322586	8.068791389
1144	22.16646004	15.91271114	7.701018333	17.35284615	10.12154293	7.475512505	15.22040653	11.87405586	12.59478951	8.151344299
1140	22.97016335	15.92810917	7.747226238	17.74881935	10.28739643	7.476655006	15.4758997	11.88872051	12.49205685	8.237692833
1136	23.78988647	15.94153786	7.792889118	18.15576172	10.44688129	7.481518269	15.72994614	11.88798332	12.38715267	8.331022263
1132	24.62688637	15.94667625	7.840960026	18.56645584	10.6036787	7.510629654	15.98498726	11.93109608	12.26930523	8.416101456
1128	25.476408	15.94575405	7.898454666	18.98394394	10.7647438	7.548790455	16.24827576	11.96254253	12.15605927	8.492498398
1124	26.32926369	15.9461441	7.956709385	19.40408516	10.91586113	7.598351479	16.50061607	11.99458504	12.03428555	8.564362526
1120	27.19423676	15.93801117	8.010990143	19.835186	11.06632519	7.665447712	16.7587471	12.0468111	11.90800476	8.63633728
1116	28.07458115	15.92309189	8.068216324	20.26642036	11.21439838	7.745472908	17.01072121	12.09975624	11.78332043	8.697665215
1112	28.95577621	15.90927601	8.141023636	20.7015934	11.35852051	7.841528416	17.26746178	12.15298939	11.65961552	8.761333466
1108	29.83496094	15.87713528	8.206394196	21.14185143	11.48905754	7.952180386	17.51444244	12.20701408	11.52248859	8.813000679
1104	30.73119164	15.85092068	8.278800011	21.60049438	11.63224125	8.091705322	17.7689724	12.28617191	11.39226055	8.86043644
1100	31.62492943	15.82305717	8.352287292	22.05547905	11.76291656	8.23963356	18.02538109	12.36969852	11.26385784	8.899316788
1096	32.51524353	15.78391361	8.427062035	22.51880074	11.88275909	8.418393135	18.27884102	12.45146942	11.12072754	8.929490089
1092	33.3929863	15.73600006	8.506816864	22.98415756	12.00273609	8.612872124	18.52471733	12.54528809	10.98961067	8.944821358
1088	34.27735138	15.68354702	8.58300209	23.45609665	12.11252975	8.835868835	18.76668739	12.65290165	10.84353638	8.958950996
1084	35.14378357	15.62703609	8.663082123	23.93123245	12.21467972	9.080155373	19.00852776	12.77229977	10.70767975	8.954654694
1080	35.99701691	15.56247616	8.752274513	24.40320206	12.30712032	9.34331131	19.24368668	12.88975239	10.56125736	8.946258545
1076	36.83353424	15.49318123	8.834884644	24.87800217	12.39425468	9.627631187	19.47231674	13.0254879	10.42898178	8.926068306
1072	37.66425323	15.41509819	8.924830437	25.355196	12.47103214	9.947742462	19.69736099	13.16111183	10.27624321	8.897140503
1068	38.47167587	15.32942963	9.019174576	25.83784676	12.53986073	10.28234386	19.92054939	13.30160522	10.14191055	8.850922585
1064	39.26570511	15.2332983	9.106902122	26.32514763	12.60050011	10.64968967	20.13669777	13.44795227	9.997331619	8.802599907
1060	40.04444122	15.1358881	9.204444885	26.81050873	12.64419079	11.04324055	20.34691048	13.60714245	9.857135773	8.738776207
1056	40.80501556	15.03087807	9.304502487	27.30429077	12.68454647	11.45928478	20.55268097	13.77425194	9.723237991	8.669001579
1052	41.54902649	14.92101574	9.396831512	27.79776764	12.7118597	11.8963747	20.75209427	13.93879795	9.592539787	8.588303566
1048	42.25980759	14.80731392	9.492670059	28.28743553	12.72188187	12.3617363	20.94171333	14.1111536	9.467786789	8.506521225
1044	42.95472336	14.68265438	9.590163231	28.78032303	12.72949886	12.85002804	21.13023186	14.29318714	9.337655067	8.409515381
1040	43.62107086	14.54893208	9.687679291	29.27264977	12.71668148	13.35874176	21.30542946	14.47306728	9.216089249	8.32105732
1036	44.26755905	14.41576004	9.788201332	29.76746368	12.69637585	13.88832378	21.47502518	14.66030312	9.11151886	8.221710205
1032	44.89240646	14.27490711	9.885718346	30.26133537	12.66283321	14.44052219	21.63567924	14.8541832	9.006035805	8.120358467
1028	45.48047638	14.12246227	9.981041908	30.75343513	12.62045288	15.0061121	21.78538895	15.04883099	8.913482666	8.017404556
1024	46.04933929	13.97030449	10.07633972	31.24680138	12.55941486	15.59131718	21.92615891	15.24597836	8.823200226	7.919337749
1020	46.60538864	13.80897331	10.17964172	31.74842644	12.48690224	16.19384003	22.06061935	15.44782352	8.752119064	7.814220428
1016	47.11874008	13.64456654	10.27829552	32.23774719	12.39935398	16.81217766	22.17884827	15.65246105	8.683553696	7.718256474
1012	47.6086235	13.46633816	10.37123013	32.72907257	12.29731274	17.43715858	22.28504944	15.85512352	8.628987312	7.624680042
1008	48.06404877	13.29389286	10.46155071	33.21954727	12.18141651	18.07163811	22.38855553	16.05097389	8.587456703	7.535920143
1004	48.49886703	13.11124992	10.55471134	33.71555328	12.05189514	18.70777893	22.47711754	16.25636101	8.56172657	7.468612194
1000	48.8926506	12.92505169	10.6429348	34.20069122	11.9118309	19.35388374	22.55195427	16.46245193	8.552838326	7.41103363
996	49.26723099	12.73181629	10.73248482	34.68600082	11.75247765	20.00299263	22.61021614	16.65724564	8.563659668	7.358414173
992	49.60338211	12.53875351	10.81029892	35.16199493	11.59188747	20.64473724	22.65647316	16.8490963	8.586208344	7.314417839
988	49.90683746	12.34456253	10.8904295	35.63761902	11.40829086	21.28430176	22.69031334	17.03809357	8.641074181	7.297405243
984	50.18962097	12.1467495	10.96484947	36.11364746	11.21595573	21.91764259	22.71219444	17.21648788	8.705130577	7.289261341
980	50.43179321	11.94216919	11.03488159	36.58274841	11.01308346	22.54550171	22.71375656	17.38536835	8.795157433	7.295333385
976	50.64084625	11.73910427	11.10261726	37.05180359	10.80103207	23.15720749	22.6965313	17.54682159	8.919197083	7.31997633
972	50.82316971	11.53851223	11.15909576	37.514534	10.57797337	23.76057625	22.66855812	17.69295692	9.0613451	7.366004467
968	50.96177673	11.33194065	11.21606541	37.96789551	10.3409586	24.34045792	22.6253643	17.83042908	9.23982811	7.423422813
964	51.06982422	11.12669754	11.2678318	38.42209625	10.10045719	24.90571785	22.55752945	17.9521389	9.437562943	7.499315262
960	51.15325546	10.93224335	11.30922222	38.87107468	9.855383873	25.44037056	22.47590256	18.05208397	9.677886009	7.596862316
956	51.20126343	10.73599434	11.34736443	39.31967545	9.608366966	25.9561882	22.37836266	18.13352013	9.945514679	7.70157814
952	51.21110535	10.54085064	11.37719345	39.75874329	9.351055145	26.44134331	22.25817871	18.19783401	10.26145172	7.823285103
948	51.17339325	10.35721779	11.39898682	40.18194199	9.096435547	26.88508987	22.11388206	18.24573326	10.59427643	7.954683304
944	51.1072464	10.17581272	11.41375923	40.60842896	8.847491264	27.3059597	21.95265579	18.27776527	10.9734354	8.096088409
940	51.00307846	9.99726963	11.41743565	41.028759	8.593876839	27.68905258	21.77606201	18.29808426	11.38963413	8.245069504
936	50.86863708	9.836263657	11.41376209	41.44415283	8.350959778	28.03296661	21.57127762	18.26936913	11.85775471	8.402243614
932	50.69649887	9.684323311	11.40626335	41.85870361	8.10496521	28.33857155	21.3474102	18.23939514	12.35802364	8.556303024
928	50.47344208	9.543325424	11.38327789	42.25447845	7.880279064	28.59079933	21.09508896	18.17436981	12.90377808	8.711450577
924	50.22902679	9.419692039	11.35160351	42.65558243	7.662969112	28.80723763	20.82274437	18.06212807	13.49230289	8.859837532
920	49.93329239	9.306167603	11.31028366	43.04000854	7.457799911	28.96100807	20.52680016	17.89501572	14.12233829	8.997965813
916	49.60493088	9.210136414	11.26252747	43.41915512	7.274291039	29.06648254	20.20938492	17.68667412	14.79123592	9.120783806
912	49.23871231	9.133034706	11.19924736	43.79054642	7.11923933	29.12000084	19.86671829	17.45236206	15.50287724	9.22632885
908	48.82726669	9.070467949	11.12931728	44.14886856	6.97561121	29.11079025	19.49447823	17.18392181	16.26449394	9.32420826
904	48.3845787	9.036067009	11.04976177	44.4953537	6.858595848	29.0402317	19.10054588	16.90395164	17.05907249	9.387329102
900	47.90075302	9.023064613	10.95467663	44.83875656	6.781332493	28.90627289	18.68120956	16.59591103	17.89675522	9.437971115
896	47.38386536	9.03587532	10.84756565	45.17189789	6.72885704	28.70870781	18.23867607	16.26335144	18.76453209	9.455402374
892	46.83798218	9.075977325	10.73560905	45.5029335	6.716557026	28.44098091	17.77116966	15.90422058	19.68850136	9.453412056
888	46.24933243	9.140395164	10.61006927	45.81500626	6.731873035	28.09683418	17.27558708	15.516222	20.64082909	9.41380024
884	45.64017487	9.246206284	10.4741478	46.12086868	6.796966076	27.6790123	16.75771332	15.11413383	21.62984085	9.348806381
880	44.99968719	9.371574402	10.32908154	46.41555405	6.89725256	27.18718529	16.21868515	14.69334793	22.65235901	9.258487701
876	44.33756256	9.545934677	10.17715836	46.70630264	7.053097248	26.61555862	15.65352345	14.2484808	23.71442604	9.146180153
872	43.66703415	9.746610641	10.01408386	46.97824097	7.24937582	25.96399879	15.07599449	13.80076599	24.7903595	9.007785797
868	42.98141861	9.993609428	9.846103668	47.24167633	7.493076801	25.23304176	14.47126007	13.34194946	25.89458847	8.844953537
864	42.29170227	10.27818775	9.668794632	47.49715042	7.794072628	24.41725159	13.85448933	12.87588215	27.02724838	8.668572426
860	41.60638428	10.61460686	9.485513687	47.73493195	8.134917259	23.52280998	13.22482586	12.41335869	28.17062759	8.487085342
856	40.92103958	10.9888792	9.295478821	47.95758438	8.52548027	22.54455185	12.58467865	11.94349194	29.33690071	8.292350769
852	40.2601738	11.41041183	9.105628967	48.16673279	8.969898224	21.49415779	11.94143581	11.4872961	30.50777626	8.091021538
848	39.62248611	11.88113976	8.913526535	48.36694717	9.464933395	20.36410522	11.28939629	11.04829884	31.70594025	7.904235363
844	39.01981354	12.41084766	8.715610504	48.54966736	10.00798416	19.16217232	10.63629055	10.62004662	32.91702271	7.723574162
840	38.46809769	12.99052525	8.52050972	48.72434998	10.59338284	17.91311073	9.993955612	10.21637058	34.12776184	7.571894646
836	37.9816246	13.62367344	8.330282211	48.8834343	11.21875858	16.62167549	9.378736496	9.826943398	35.34351349	7.449164391
832	37.55848312	14.3173151	8.153761864	49.03394318	11.88198185	15.28639889	8.774011612	9.475141525	36.5733757	7.348446846
828	37.22343063	15.05505085	7.975110531	49.17074966	12.57511711	13.96611118	8.205958366	9.138412476	37.78581619	7.292858124
824	36.97188568	15.8552742	7.811216354	49.29123306	13.28752232	12.6557312	7.675254822	8.842703819	39.00270462	7.284675121
820	36.82235718	16.70316505	7.67013979	49.40087891	14.02596378	11.39125919	7.198722839	8.565566063	40.21424103	7.313680172
816	36.77411652	17.59856606	7.543780327	49.49212265	14.77117252	10.20410442	6.780087948	8.312742233	41.41054535	7.395114899
812	36.83308029	18.54930496	7.435650826	49.57446671	15.52071667	9.130269051	6.412586689	8.090127945	42.60360336	7.518212318
808	37.00296402	19.53329659	7.346953869	49.63349533	16.26700974	8.210442543	6.121079445	7.882242203	43.77331543	7.688862324
804	37.28886795	20.58140945	7.294820786	49.68474197	17.00930595	7.464722157	5.901796341	7.705099106	44.9400177	7.906054497
800	37.6877861	21.67400551	7.276482582	49.71811295	17.73540878	6.926564693	5.768438816	7.548358917	46.1056633	8.157557487
799	38.43585587	22.33754349	7.736807823	50.75415802	18.27353668	7.412763596	6.290475845	8.253660202	47.35725403	8.556231499
798	38.55316162	22.62020302	7.728621006	50.7662735	18.45349121	7.330409527	6.305133343	8.213186264	47.64276505	8.618897438
797	38.67642593	22.91159821	7.729533672	50.77239609	18.61899567	7.271601677	6.282515526	8.193396568	47.9560318	8.711368561
796	38.8167038	23.20537376	7.742388248	50.74992371	18.79414177	7.221933365	6.271130562	8.174625397	48.23019409	8.764626503
795	38.96343994	23.47594833	7.739760399	50.76015854	18.96337509	7.169462204	6.26856184	8.154407501	48.50166702	8.833917618
794	39.11389542	23.78138351	7.749078274	50.77186584	19.13515854	7.174900532	6.289309502	8.140796661	48.78713226	8.90467453
793	39.2820816	24.07016373	7.776116848	50.76438904	19.29691696	7.146646976	6.288920403	8.126077652	49.07291031	8.981415749
792	39.42559052	24.35545921	7.790159702	50.75976181	19.44799805	7.16616106	6.318918228	8.126363754	49.35363388	9.048701286
791	39.60155869	24.66897392	7.808233261	50.77052307	19.63314438	7.188497543	6.358564377	8.128026009	49.65173721	9.122678757
790	39.77715302	24.95908737	7.847295284	50.72746277	19.76756859	7.270070076	6.353812695	8.117665291	49.91452408	9.190122604
789	39.98449707	25.28165245	7.858575821	50.75933838	19.95018387	7.305151463	6.402172089	8.129481316	50.21448898	9.262041092
788	40.16345215	25.59669304	7.891685486	50.75442123	20.09152603	7.387590408	6.451107979	8.152158737	50.49998093	9.3480196
787	40.36590195	25.90531349	7.914561749	50.73194885	20.23898888	7.494512558	6.488154411	8.15219593	50.77279282	9.41379261
786	40.54378128	26.21546745	7.952488899	50.73474503	20.39688873	7.602855682	6.546331882	8.162177086	51.04204178	9.503267288
785	40.7670517	26.51366615	7.997792244	50.71637726	20.52462959	7.745793343	6.616453648	8.175580025	51.32317734	9.566894531
784	40.96144867	26.8307972	8.026535034	50.71051407	20.69117355	7.906668663	6.680043697	8.198673248	51.5897522	9.632249832
783	41.18157959	27.1550827	8.066644669	50.6998024	20.80239677	8.078785896	6.764794827	8.210912704	51.85465622	9.712395668
782	41.39606857	27.44738388	8.125594139	50.67996979	20.9527626	8.278642654	6.835809231	8.254270554	52.11603928	9.777498245
781	41.62617874	27.77079201	8.175165176	50.67058182	21.07251358	8.502529144	6.947798252	8.265454292	52.39761353	9.82954216
780	41.85778046	28.09447861	8.227025032	50.63882446	21.2017746	8.755775452	7.056013584	8.304448128	52.66540146	9.920432091
779	42.0870018	28.41273689	8.286324501	50.62325287	21.31123352	9.022693634	7.16703701	8.349770546	52.93685913	9.972325325
778	42.31261826	28.72240829	8.346217155	50.6190834	21.42944336	9.310983658	7.273234844	8.383509636	53.18899155	10.04813862
777	42.55834198	29.06011963	8.417762756	50.59508133	21.53937721	9.626960754	7.435845852	8.438438416	53.44552612	10.10342216
776	42.79513168	29.38128853	8.483922005	50.58510208	21.65508461	9.969016075	7.557600021	8.484762192	53.70331192	10.14583397
775	43.04162216	29.72292709	8.56062603	50.5461998	21.74292564	10.32221603	7.71295023	8.549422264	53.95172501	10.21312618
774	43.27081299	30.02506256	8.624645233	50.51857376	21.85052109	10.70166206	7.90419054	8.602506638	54.22967148	10.26323795
773	43.53806686	30.34690857	8.721150398	50.50940323	21.95993233	11.11394405	8.05375576	8.660999298	54.46074295	10.30416393
772	43.77588272	30.6888485	8.797150612	50.47576904	22.03767776	11.55208206	8.241112709	8.738240242	54.71413803	10.34921169
771	44.04925156	30.9993782	8.886983871	50.45916367	22.12059021	11.988554	8.444559097	8.811705589	54.98547363	10.4028616
770	44.28321838	31.32473564	8.977842331	50.41895676	22.19519043	12.46527386	8.652704239	8.887392044	55.21206665	10.4374342
769	44.54470825	31.65530777	9.092037201	50.38251114	22.27178764	12.98284531	8.868441582	8.970199585	55.46766663	10.48083496
768	44.81790924	31.98267555	9.197026253	50.35461807	22.345047	13.49605751	9.103835106	9.049637794	55.71563339	10.4992485
767	45.07267761	32.29996109	9.289253235	50.34157181	22.3958168	14.02984619	9.358711243	9.149394989	55.956604	10.53885841
766	45.32801056	32.65482712	9.426365852	50.30283356	22.46837997	14.59088421	9.605643272	9.243106842	56.21327591	10.56848717
765	45.60980225	32.97835541	9.530259132	50.26502991	22.51262665	15.1656971	9.879544258	9.332896233	56.44524765	10.57731628
764	45.86412811	33.3038063	9.645302773	50.21472168	22.56303596	15.73530197	10.15841579	9.451127052	56.6651268	10.59490585
763	46.14083862	33.64199066	9.789020538	50.18281174	22.59948921	16.36628151	10.45928001	9.567345619	56.90786743	10.62578583
762	46.41034698	33.96611023	9.919075966	50.14276123	22.64283943	16.99674034	10.74642754	9.682756424	57.1373558	10.61304379
761	46.68396378	34.32140732	10.06096745	50.1245842	22.68121147	17.65072632	11.06188965	9.819550514	57.38341522	10.62756443
760	46.94456863	34.63530731	10.18117714	50.05920792	22.68690491	18.30291748	11.40546227	9.933262825	57.61636353	10.60250282
759	47.19960785	34.96764755	10.3441658	50.01960754	22.71484566	18.97602844	11.73227024	10.07360935	57.82555771	10.61318207
758	47.48051834	35.31121063	10.49777985	49.96817017	22.71061134	19.6724453	12.10086536	10.21745968	58.06202698	10.587183
757	47.74630737	35.6280632	10.64886189	49.92245865	22.71500778	20.38615227	12.46930695	10.35144234	58.27735519	10.59119892
756	48.00888824	35.9669838	10.80282402	49.87485886	22.7184639	21.09143448	12.83523273	10.50973701	58.49080658	10.56744766
755	48.26512527	36.3084259	10.97869778	49.82714844	22.71243286	21.81891251	13.24282265	10.66845989	58.72547913	10.54855061
754	48.53451157	36.62420654	11.15091133	49.78165817	22.69374275	22.54062653	13.63559246	10.82521057	58.94017029	10.51019573
753	48.7945137	36.95130157	11.32824612	49.72238541	22.66129112	23.26987648	14.04744339	11.00253773	59.15751648	10.47604084
752	49.04546738	37.28482437	11.52378464	49.65702057	22.63009834	24.02837944	14.47986221	11.17349243	59.35683823	10.44743156
751	49.31116867	37.62346268	11.70625687	49.61112213	22.60152054	24.78164673	14.90587711	11.34703255	59.56389236	10.40515423
750	49.56735992	37.95272064	11.90073967	49.56214142	22.55333328	25.5441494	15.35086632	11.54344082	59.79872513	10.35707569
749	49.81167984	38.27431107	12.10461235	49.50147629	22.50600433	26.31451988	15.80916214	11.72596931	59.98408127	10.31957626
748	50.07121277	38.61023712	12.31923199	49.43570328	22.44984627	27.09538078	16.2680645	11.93879795	60.20489883	10.26186371
747	50.31173325	38.93494415	12.52653694	49.37402344	22.36834145	27.87035179	16.75058746	12.14107704	60.39504623	10.2068491
746	50.55515671	39.26470184	12.72747612	49.31453705	22.30136108	28.65153503	17.24451637	12.35937595	60.56068039	10.14888859
745	50.80455017	39.58829117	12.96472073	49.25913239	22.21613312	29.44375229	17.74677277	12.57095623	60.7911644	10.08767033
744	51.02985382	39.91470337	13.19596004	49.18407059	22.13492775	30.2171402	18.24532318	12.80719948	61.00056076	10.01483631
743	51.28310394	40.23716736	13.42133427	49.10929108	22.02840424	30.98116112	18.76063156	13.03972244	61.13780594	9.949837685
742	51.50447083	40.56002045	13.65366459	49.04755402	21.9221077	31.77663803	19.29243469	13.27429199	61.36297989	9.876331329
741	51.73776627	40.88680649	13.90823841	48.97417831	21.83647728	32.54730988	19.81719398	13.51946449	61.57665253	9.810998917
740	51.95791626	41.18829346	14.14374828	48.88703918	21.69044685	33.32450867	20.36929131	13.76152325	61.72558594	9.723936081
739	52.18790817	41.51805496	14.40842056	48.82553864	21.57083893	34.11002731	20.91658211	14.02291965	61.90499496	9.651363373
738	52.40049744	41.83328629	14.65328026	48.7376709	21.42406273	34.87628174	21.44573975	14.28400326	62.11262894	9.56487751
737	52.60695648	42.13008499	14.92080975	48.66485214	21.28819656	35.64758301	22.02142143	14.55462456	62.25975418	9.484717369
736	52.82641602	42.46257019	15.1808939	48.59596634	21.13796806	36.42061996	22.59838867	14.82162189	62.43315887	9.406364441
735	53.02450562	42.77806854	15.46318626	48.51422501	20.97280502	37.18608475	23.17988014	15.08844566	62.61522293	9.312652588
734	53.21593475	43.05451584	15.73462677	48.42340851	20.81142616	37.94868469	23.75854492	15.37349415	62.79547882	9.237039566
733	53.41662598	43.37409973	16.00293541	48.33739471	20.6206131	38.7063942	24.34951019	15.65835762	62.96332169	9.145312309
732	53.6044693	43.67580414	16.29499435	48.24988556	20.43593979	39.4576149	24.95841217	15.94866467	63.11841965	9.058504105
731	53.78843689	43.97922134	16.58365822	48.15596771	20.23873711	40.19820786	25.56067276	16.27070808	63.29046249	8.985417366
730	53.9741745	44.28477859	16.87969017	48.07584381	20.03930283	40.9292717	26.16995811	16.56529427	63.45850372	8.898760796
729	54.15712357	44.58914566	17.18168259	47.98508072	19.83041954	41.66949081	26.79852295	16.86563492	63.63063812	8.820251465
728	54.31420517	44.89160919	17.48612022	47.88235474	19.59219742	42.39421463	27.41400337	17.18404198	63.7939949	8.742139816
727	54.48537827	45.17866898	17.7869091	47.78203583	19.37919998	43.06267929	28.03576469	17.50146294	63.94395065	8.662930489
726	54.64344025	45.47159195	18.11643028	47.68661118	19.1386528	43.79841232	28.65863991	17.83304787	64.09447479	8.591351509
725	54.7913208	45.77124786	18.41973877	47.59296799	18.89522552	44.46654892	29.29028511	18.15687561	64.24834442	8.519360542
724	54.94460297	46.06751251	18.74444771	47.47832489	18.63689041	45.15738678	29.92861176	18.50426674	64.4031601	8.455202103
723	55.08688354	46.34888458	19.07377815	47.38130188	18.37364769	45.84477997	30.56559372	18.83612633	64.55241394	8.383504868
722	55.22398758	46.64776611	19.40089226	47.27937698	18.11737633	46.51137543	31.17419243	19.18229485	64.70457458	8.328900337
721	55.34038925	46.92931747	19.73522186	47.16241837	17.84088898	47.16602707	31.81195641	19.52544975	64.84283447	8.270370483
720	55.47241974	47.22398758	20.07057381	47.06007004	17.56056595	47.81489563	32.46267319	19.8734417	64.98464203	8.217358589
719	55.59239578	47.4960289	20.40410995	46.94464111	17.28251076	48.4610672	33.09924698	20.23583794	65.12895966	8.174278259
718	55.70080948	47.77872849	20.75315285	46.82874298	16.98011208	49.08184433	33.74661636	20.58574486	65.26747131	8.140623093
717	55.80774689	48.06075287	21.09143066	46.72565842	16.67584801	49.71110153	34.3908577	20.94907188	65.40313721	8.101308823
716	55.90437698	48.32991028	21.41845131	46.60911942	16.37883949	50.32197189	35.04669571	21.30729103	65.53235626	8.075239182
715	55.99926758	48.60159302	21.77040672	46.48762131	16.06925774	50.92237091	35.6934433	21.66707039	65.66699219	8.05508709
714	56.08055878	48.87567902	22.12341309	46.36104965	15.75506878	51.5021553	36.33145523	22.02045441	65.80060577	8.037835121
713	56.17001343	49.15143585	22.47912788	46.23952866	15.42998123	52.1039505	36.98809814	22.40433693	65.92410278	8.021027565
712	56.22410965	49.40008926	22.83717155	46.11650085	15.11036968	52.65710449	37.62965393	22.77373505	66.04233551	8.020446777
711	56.29590988	49.66609192	23.19145203	45.9801178	14.7970171	53.20767975	38.26977921	23.15260124	66.15116119	8.02555275
710	56.35610962	49.93866348	23.56245995	45.85990524	14.46426582	53.76659393	38.91661072	23.53952599	66.28269196	8.037545204
709	56.41108322	50.18827438	23.91228676	45.72106171	14.12635803	54.29695892	39.56016541	23.910923	66.39406586	8.05952549
708	56.45404816	50.44903183	24.28578186	45.59729767	13.79872799	54.83197784	40.20415497	24.29947853	66.52368164	8.081886292
707	56.48756409	50.69699097	24.64935684	45.4479332	13.46002293	55.34843063	40.83986282	24.68128777	66.61708069	8.110264778
706	56.52097321	50.94999695	25.02449608	45.32735825	13.1197052	55.85364914	41.48926544	25.08111	66.74304962	8.161096573
705	56.5401268	51.19714355	25.3946476	45.18160248	12.78993797	56.35615158	42.11515808	25.46158409	66.84027863	8.202741623
704	56.55960846	51.44270325	25.76345634	45.03471756	12.45157051	56.84260559	42.75750732	25.85378838	66.94256592	8.261914253
703	56.57099533	51.68989944	26.13723946	44.89820099	12.12602615	57.32086945	43.35848999	26.24070358	67.05487061	8.322766304
702	56.56361008	51.93032074	26.5124836	44.74949265	11.79890442	57.78464508	43.98522949	26.64035797	67.15113068	8.399129868
701	56.5591774	52.17020035	26.88639641	44.60264206	11.47266293	58.24419785	44.61032104	27.03967857	67.25244904	8.475032806
700	56.54137421	52.40159225	27.2685051	44.45436096	11.16324806	58.68539047	45.22574234	27.41379166	67.34975433	8.563029289
699	56.50922775	52.63160706	27.64260292	44.29691696	10.85909176	59.11114883	45.84395218	27.81296921	67.43863678	8.650857925
698	56.48198318	52.86061859	28.01335716	44.1416626	10.56392765	59.54194641	46.45496368	28.21772766	67.52590179	8.75184536
697	56.439785	53.0858078	28.3966198	43.98213196	10.27297783	59.9625206	47.06186295	28.60446739	67.62572479	8.857852936
696	56.38934708	53.31544495	28.77046776	43.85201263	9.996406555	60.34780884	47.67259979	28.99882889	67.70803833	8.967129707
695	56.33813095	53.53329468	29.14288902	43.67158127	9.719080925	60.74904633	48.26515579	29.38047218	67.79151154	9.080574036
694	56.26464081	53.74996185	29.52974129	43.49886703	9.469209671	61.08800888	48.8575325	29.77508736	67.86435699	9.203381538
693	56.18846893	53.96549606	29.89131546	43.35684204	9.229545593	61.46126556	49.45386124	30.16005707	67.94973755	9.328336716
692	56.10513687	54.1792717	30.27421188	43.20049667	9.001369476	61.82588959	50.03827667	30.53328133	68.02987671	9.461918831
691	56.01404572	54.38644409	30.62973595	43.00550461	8.790734291	62.1768837	50.6208992	30.92279243	68.10434723	9.593518257
690	55.91633606	54.59471893	31.00234985	42.84760284	8.601239204	62.51491165	51.20465088	31.30908585	68.1749649	9.730059624
689	55.80340576	54.80239868	31.37665367	42.69182205	8.429637909	62.8570137	51.77568817	31.6936512	68.24923706	9.876788139
688	55.68857574	55.00024796	31.75223351	42.51242447	8.280604362	63.1806221	52.33600998	32.08012772	68.31864166	10.0202179
687	55.54549408	55.19439697	32.11641693	42.31869125	8.152206421	63.49118423	52.89038086	32.4620285	68.37447357	10.16218567
686	55.40951157	55.38482666	32.48931885	42.1451683	8.050248146	63.79722977	53.45618439	32.83557129	68.44772339	10.30444908
685	55.26421356	55.58716202	32.85529709	41.96451187	7.965143204	64.10018158	54.00504684	33.21822357	68.50938416	10.45233154
684	55.10335159	55.77186584	33.22292709	41.78085327	7.910721779	64.38767242	54.55360794	33.58967972	68.56739044	10.59012604
683	54.93568039	55.95785904	33.58963776	41.59293365	7.881266117	64.65871429	55.09220123	33.96366501	68.63010406	10.72006607
682	54.75083542	56.13786316	33.96035004	41.39131165	7.87352705	64.9315033	55.62739182	34.33138657	68.67484283	10.86019516
681	54.56494522	56.31307983	34.31882858	41.20437622	7.900491238	65.19325256	56.16007614	34.70076752	68.73156738	11.00487137
680	54.36159134	56.48957825	34.6812706	41.00559616	7.955230236	65.4426651	56.67111206	35.06652069	68.77797699	11.13999081
679	54.14610291	56.66802979	35.03852081	40.80797195	8.048870087	65.68538666	57.19710922	35.43243408	68.8263855	11.2663641
678	53.9197464	56.82714081	35.3952713	40.61053467	8.167373657	65.91932678	57.69918442	35.78424072	68.87481689	11.394104
677	53.6783638	56.99446106	35.74836349	40.40665436	8.318478584	66.1395874	58.19750595	36.140625	68.91490173	11.51959133
676	53.44813919	57.15371323	36.10272598	40.20611572	8.507052422	66.3638382	58.70072937	36.49557877	68.96266174	11.63155079
675	53.18831253	57.31277084	36.44736862	39.99549484	8.748468399	66.56575012	59.19244766	36.83550262	68.98659515	11.74321842
674	52.91706085	57.46963501	36.79261017	39.78565979	9.010822296	66.76560974	59.67297745	37.1805687	69.02442932	11.84134579
673	52.6427269	57.6299324	37.14493942	39.58256531	9.317609787	66.96096802	60.15811157	37.527668	69.06091309	11.93598747
672	52.35335159	57.77358627	37.48609161	39.365345	9.665085793	67.1443634	60.61739731	37.86077881	69.0916214	12.02411366
671	52.05126572	57.92138672	37.82602692	39.14862442	10.06204796	67.31490326	61.09194183	38.18820572	69.11975861	12.09995079
670	51.73299026	58.06550598	38.15846634	38.92938232	10.50387096	67.47623444	61.51670074	38.51450348	69.15399933	12.16904831
669	51.40523529	58.21285248	38.49159241	38.70981979	10.98064995	67.63265228	61.97341156	38.84684753	69.17108917	12.22626686
668	51.06309891	58.34560394	38.81666183	38.48083878	11.50292492	67.78142548	62.41372299	39.15466309	69.18675995	12.27031708
667	50.71450043	58.48218918	39.14747238	38.26165771	12.08021927	67.92267609	62.86634064	39.47253799	69.2042923	12.31203938
666	50.35136414	58.61684799	39.47444153	38.03119659	12.69897938	68.05712891	63.30085754	39.77988815	69.22622681	12.33777714
665	49.97020721	58.7449646	39.79029465	37.79974747	13.36842918	68.18572235	63.7316246	40.08445358	69.24314117	12.35513973
664	49.57970428	58.86473083	40.10389328	37.56446838	14.07628345	68.29602051	64.15744019	40.37937546	69.24999237	12.35634422
663	49.17935944	58.99183273	40.42127609	37.32983398	14.83557415	68.40606689	64.58104706	40.66461563	69.2645874	12.34878922
662	48.75996017	59.11200333	40.73107147	37.09358978	15.62073803	68.50975037	64.99523163	40.95311356	69.27746582	12.32902813
661	48.32402039	59.23399353	41.03925323	36.8574295	16.46015549	68.6042099	65.40236664	41.24111176	69.27987671	12.30234909
660	47.88043594	59.33732605	41.33584213	36.61589432	17.33093262	68.68271637	65.80119324	41.51213837	69.27952576	12.26113415
659	47.41533279	59.44883728	41.63879395	36.36668777	18.25573158	68.75866699	66.20038605	41.78679276	69.27462006	12.20403671
658	46.94978714	59.55527115	41.93874741	36.12206268	19.20633507	68.82631683	66.59734344	42.04767609	69.27681732	12.13834095
657	46.46352386	59.66062546	42.2269249	35.87491226	20.19433594	68.88627625	66.97732544	42.27429581	69.26824951	12.0634079
656	45.96147156	59.76252747	42.51109695	35.62042999	21.21682358	68.9431076	67.35444641	42.54334641	69.26116943	11.97661018
655	45.4486618	59.85704422	42.76581192	35.36600113	22.24847221	68.9901123	67.73291016	42.7997551	69.2505722	11.88304424
654	44.92474365	59.95636368	43.0458374	35.11632156	23.32125854	69.02708435	68.103508	43.03933334	69.24013519	11.77328777
653	44.379879	60.04078674	43.32463074	34.85546112	24.43581772	69.05312347	68.46505737	43.26446915	69.2236557	11.65387917
652	43.82487106	60.12851715	43.58973312	34.5939064	25.55155182	69.07163239	68.81681061	43.45729446	69.20320892	11.52844715
651	43.25253677	60.21146774	43.85845947	34.3313446	26.69888496	69.08146667	69.17350006	43.68733597	69.18149567	11.39637375
650	42.66622162	60.2950325	44.11968231	34.06645584	27.8636322	69.09230042	69.52476501	43.89519501	69.16172028	11.25424004
649	42.0965271	60.36522675	44.37138367	33.79327774	29.04149818	69.07854462	69.86483765	44.09651947	69.12908173	11.10560036
648	41.48868179	60.44092941	44.62341309	33.52705765	30.20447731	69.07317352	70.19543457	44.29119873	69.09864044	10.95204735
647	40.85703659	60.50642395	44.87427902	33.25436401	31.40394592	69.04724121	70.52557373	44.4863739	69.0692749	10.78944778
646	40.21644974	60.57495117	45.11576843	32.97964478	32.61743927	69.01396179	70.84749603	44.66881561	69.02540588	10.62700367
645	39.56373596	60.63233185	45.35591507	32.69962311	33.82400513	68.97679901	71.16507721	44.8441124	68.98577881	10.47549152
644	38.89857101	60.68933105	45.58697128	32.42163086	35.03103256	68.92527008	71.4683609	45.01816177	68.93900299	10.30919361
643	38.22031784	60.74502182	45.81904602	32.13968277	36.25587082	68.86888123	71.78381348	45.17464447	68.89456177	10.14208889
642	37.5296936	60.7907753	46.0407753	31.85336685	37.46697617	68.80057526	72.0925827	45.33044052	68.8451004	9.972400665
641	36.8246727	60.83628845	46.25935745	31.56514931	38.67501831	68.72605133	72.3821106	45.46940231	68.78398132	9.810209274
640	36.10969543	60.86955643	46.47735596	31.27517319	39.87970352	68.63734436	72.67459106	45.60137939	68.72702789	9.649655342
639	35.38582611	60.91020584	46.68021393	31.00495911	41.08610916	68.54420471	72.95623016	45.74243927	68.65847778	9.494292259
638	34.64945221	60.93551254	46.88341522	30.70562744	42.26609421	68.44132233	73.23647308	45.87069702	68.58673096	9.342449188
637	33.89809036	60.96465302	47.08146286	30.41260338	43.45083618	68.32080078	73.51760101	45.97758865	68.51875305	9.203726768
636	33.15223312	60.98457718	47.27014542	30.10997009	44.57024384	68.19727325	73.77492523	46.08390427	68.44322205	9.071013451
635	32.38977051	61.00881195	47.45754623	29.80794907	45.72509766	68.06738281	74.04103088	46.18567657	68.3577652	8.951975822
634	31.62338829	61.01900864	47.63917542	29.49910164	46.86112976	67.92160797	74.30023193	46.28171921	68.27631378	8.844791412
633	30.87705231	61.02783966	47.80944443	29.19375229	47.96803284	67.76413727	74.55460358	46.35913849	68.18343353	8.747611046
632	30.09513474	61.03402328	47.97756958	28.88778687	49.05501175	67.60232544	74.80341339	46.43048096	68.08921814	8.667304993
631	29.31471634	61.0334816	48.14109802	28.57580948	50.14190674	67.42686462	75.04232788	46.49916077	67.99668121	8.601895332
630	28.52845383	61.02624512	48.30220032	28.26227379	51.20468903	67.23717499	75.28385162	46.56445694	67.89735413	8.554477692
629	27.73956108	61.01907349	48.45329285	27.94535255	52.23293304	67.03811646	75.51262665	46.60525894	67.78753662	8.521386147
628	26.95379066	61.00264359	48.59376526	27.6228466	53.25075912	66.82341003	75.74645996	46.64776611	67.66937256	8.510475159
627	26.1631546	60.97905731	48.74239731	27.30522919	54.26036835	66.6062851	75.97242737	46.68165207	67.55983734	8.526652336
626	25.38092422	60.96102524	48.87334824	26.98647499	55.22427368	66.37588501	76.19012451	46.70770645	67.44145203	8.551812172
625	24.60584831	60.93704605	49.0030098	26.65811539	56.17754364	66.13039398	76.40560913	46.72451782	67.320961	8.604167938
624	23.83107567	60.89422226	49.12071609	26.33061218	57.1072197	65.86985779	76.61784363	46.734375	67.18202209	8.674092293
623	23.06495476	60.85720444	49.24442291	26.01250267	58.01340103	65.60671997	76.82190704	46.72794342	67.05526733	8.768899918
622	22.30325317	60.81721115	49.34981918	25.6795826	58.89928818	65.32578278	77.02425385	46.71848679	66.91557312	8.885123253
621	21.5639267	60.76457977	49.45143127	25.34700966	59.75608063	65.02397919	77.2141037	46.69064331	66.76866913	9.021950722
620	20.85218048	60.6733284	49.55123138	25.01808929	60.55547714	64.72227478	77.41059113	46.6639595	66.63347626	9.185627937
619	20.13355827	60.61270142	49.64445496	24.68562508	61.36504364	64.40327454	77.60449219	46.62269211	66.47238922	9.367035866
618	19.42636871	60.54500961	49.72507477	24.34116364	62.15434265	64.06253052	77.78031158	46.57234955	66.30980682	9.573646545
617	18.75177574	60.49955368	49.80382919	24.01117134	62.91623306	63.71221542	77.9571991	46.51856995	66.15010834	9.79103756
616	18.09405327	60.44381332	49.87783432	23.67386818	63.66950989	63.35409164	78.13591003	46.44323349	65.98816681	10.03048134
615	17.45807838	60.36530685	49.94110489	23.34290695	64.39888763	62.98061752	78.30795288	46.36277008	65.8207016	10.28704643
614	16.85644913	60.28523254	50.00147247	22.99962616	65.10224915	62.59124374	78.47639465	46.28030014	65.64828491	10.55038738
613	16.28029823	60.1988945	50.05451965	22.66692924	65.78437042	62.19516373	78.65024567	46.18357849	65.47673035	10.83478165
612	15.73223877	60.10722733	50.10714722	22.33353424	66.44730377	61.77153778	78.81080627	46.07261276	65.2906189	11.13349628
611	15.21374798	60.01593018	50.14697266	21.99001694	67.08774567	61.33618546	78.97261047	45.95199203	65.10387421	11.44220638
610	14.73355389	59.91365433	50.18880463	21.65180969	67.72476196	60.89484024	79.13632202	45.82169724	64.92015839	11.7597847
609	14.28449535	59.81363297	50.22012711	21.32287216	68.32032013	60.43798447	79.28612518	45.68179321	64.72209167	12.07854271
608	13.85773659	59.69213486	50.24486923	20.99897766	68.90776062	59.99865341	79.43766022	45.52833176	64.52518463	12.40463829
607	13.46857548	59.57268143	50.26423645	20.66047859	69.466362	59.49885178	79.58235931	45.35842514	64.31433868	12.72872639
606	13.10745525	59.45329666	50.27367783	20.32664299	70.01700592	58.99251938	79.72715759	45.17543411	64.10534668	13.04769707
605	12.78376579	59.32307053	50.28248978	19.99099541	70.55671692	58.4642334	79.86647034	45.00550842	63.88763809	13.36401176
604	12.48823643	59.19034576	50.28097153	19.65578461	71.06806946	57.92180252	80.00806427	44.78939438	63.66404724	13.67043686
603	12.22045231	59.04834747	50.27678299	19.32003593	71.56745148	57.3632164	80.14031982	44.57870102	63.43195343	13.96936703
602	11.98442364	58.91040039	50.26781845	18.99271965	72.05809784	56.79519272	80.27547455	44.39464951	63.21886826	14.26028156
601	11.77898598	58.76059341	50.2531929	18.66465187	72.52603912	56.21305847	80.41378784	44.12763596	62.96612549	14.52584743
600	11.58236027	58.59233093	50.2198143	18.32406235	72.97202301	55.5937233	80.52944946	43.909729	62.75632858	14.78678417
599	11.41775417	58.43735886	50.1945076	17.99851418	73.43107605	54.97328186	80.66577148	43.65356064	62.47356415	15.01786613
598	11.26803875	58.26263046	50.15219498	17.66694641	73.84593201	54.32574463	80.78114319	43.36740875	62.2356987	15.22618389
597	11.14185524	58.08763885	50.10802841	17.3439827	74.26029968	53.66806793	80.90402222	43.10685349	61.98239899	15.40748787
596	11.02462387	57.8993721	50.04750061	17.01608086	74.65653992	52.99560165	81.02135468	42.811409	61.69712448	15.5705328
595	10.92417336	57.71205139	49.98905945	16.69393349	75.05181122	52.30170441	81.13527679	42.50497055	61.40997314	15.69087696
594	10.84690189	57.50969696	49.91677094	16.36969566	75.4185791	51.58761978	81.23934937	42.19278336	61.11740875	15.78133202
593	10.77399445	57.29661179	49.83794022	16.05621338	75.78147125	50.87555695	81.34333801	41.86706543	60.81317139	15.85093403
592	10.71042728	57.08167648	49.75589371	15.73900223	76.12769318	50.12939072	81.45497131	41.52232742	60.51167679	15.88773632
591	10.65907955	56.85937881	49.66397858	15.43904972	76.46649933	49.37234497	81.55014801	41.16074371	60.18413544	15.87972355
590	10.6114006	56.61398697	49.56196976	15.12887287	76.77519226	48.60263824	81.6410141	40.80113602	59.85089493	15.84071064
589	10.58901691	56.38127899	49.45422745	14.81989288	77.10041046	47.82432938	81.74515533	40.4274559	59.52642441	15.76759624
588	10.56727219	56.12937546	49.33104706	14.51469612	77.39701843	47.03374863	81.831604	40.03704453	59.18522263	15.65511036
587	10.55263424	55.86324692	49.19686127	14.21528721	77.67753601	46.23039627	81.90959167	39.63960266	58.81716537	15.5204792
586	10.56659794	55.59685898	49.06455994	13.91945553	77.9606781	45.41690063	81.99710846	39.22475815	58.4547081	15.33192062
585	10.58670902	55.3208847	48.91709137	13.63519192	78.22727203	44.59628677	82.08045197	38.79447937	58.08863449	15.1086092
584	10.62855911	55.02815247	48.76152039	13.34023285	78.48027802	43.81019974	82.14783478	38.3509903	57.70326996	14.85743809
583	10.68770313	54.73109436	48.59791183	13.06554317	78.72575378	42.97242355	82.22599792	37.8970108	57.31316757	14.57016945
582	10.76406288	54.41743469	48.41579819	12.78466702	78.94953156	42.13603973	82.28382874	37.42763138	56.90273666	14.25227451
581	10.86069202	54.09909058	48.23514938	12.51087952	79.18777466	41.30965424	82.35373688	36.94919968	56.48115921	13.91016674
580	10.97424793	53.77832413	48.03885269	12.25121403	79.4029541	40.4790802	82.4225769	36.45890427	56.06472015	13.53924274
579	11.11206055	53.43997192	47.83986282	11.9934082	79.61566162	39.64509201	82.48292542	35.95354843	55.63373947	13.15123081
578	11.28185654	53.09501648	47.62802505	11.73940086	79.82006836	38.83019257	82.53577423	35.4417305	55.18353271	12.75439262
577	11.47490788	52.72576904	47.39631653	11.49457359	79.99971008	38.01702881	82.58659363	34.91427612	54.72596741	12.34717369
576	11.68874264	52.35821533	47.15563583	11.25288105	80.17660522	37.20929337	82.63531494	34.36751938	54.24785233	11.93076324
575	11.9304142	51.96569443	46.90420532	11.03158283	80.34705353	36.43519592	82.67350769	33.80990982	53.75901413	11.53143787
574	12.19139004	51.57730484	46.65323639	10.81202412	80.50650024	35.67159653	82.71385956	33.24689484	53.26928711	11.14003658
573	12.49058342	51.16886139	46.37152863	10.58797455	80.6635437	34.93143082	82.74164581	32.6618576	52.75699997	10.7800045
572	12.79705334	50.75124359	46.09900284	10.37961292	80.82689667	34.22345352	82.78189087	32.07855606	52.23418045	10.44784164
571	13.1285162	50.31603622	45.80713654	10.18366051	80.96911621	33.54637146	82.8121109	31.47779083	51.7118187	10.14801502
570	13.47761345	49.88460922	45.51144028	9.994415283	81.12413025	32.91611481	82.86235809	30.90378761	51.18375015	9.922163963
569	13.84463692	49.40950394	45.18833923	9.801901817	81.2133255	32.30114365	82.85002136	30.31833076	50.66562653	9.768314362
568	14.22755432	48.93189621	44.85887146	9.624173164	81.3297348	31.74013519	82.86067963	29.68198013	50.09177399	9.663582802
567	14.62277126	48.43929291	44.51104736	9.460684776	81.44374084	31.24675941	82.88295746	29.04309082	49.50487137	9.649348259
566	15.03009319	47.95151901	44.16688919	9.302775383	81.54138947	30.78829193	82.88626862	28.40015602	48.91218948	9.723623276
565	15.43668365	47.44421005	43.84260941	9.161327362	81.64094543	30.3859272	82.90429688	27.73899841	48.30683517	9.914321899
564	15.84767151	46.9242363	43.46170044	9.033452988	81.74494934	30.04115868	82.90719604	27.09333229	47.69219971	10.21286869
563	16.27780914	46.38696671	43.07813263	8.909768105	81.82236481	29.74921417	82.90595245	26.41404915	47.05649185	10.63803768
562	16.70306015	45.83708191	42.67736816	8.796191216	81.90124512	29.51860237	82.90618896	25.76244545	46.42346573	11.1796627
561	17.13809967	45.28009796	42.27869797	8.704596519	81.97674561	29.36232376	82.90065765	25.08452415	45.76748276	11.87319183
560	17.56946754	44.70365143	41.85264587	8.608645439	82.05384827	29.26708412	82.9034729	24.40758896	45.10398865	12.71088791
559	18.00328064	44.12041473	41.4162674	8.533807755	82.11054993	29.2460289	82.88254547	23.7319355	44.42497635	13.68624687
558	18.43746758	43.52058029	40.97850037	8.468317986	82.16291809	29.29458809	82.87023163	23.06178856	43.74477005	14.78696537
557	18.86943626	42.93168259	40.50543594	8.413736343	82.21749878	29.41760635	82.84740448	22.36645889	43.03395081	16.02681541
556	19.28181839	42.29852676	40.0391922	8.37169075	82.26558685	29.60499763	82.82859039	21.68537331	42.36606216	17.38858414
555	19.70597076	41.65631485	39.56102371	8.34673214	82.2990799	29.87662697	82.80579376	21.03236198	41.63281631	18.86982155
554	20.11145782	40.99354172	39.04970551	8.327252388	82.33008575	30.2108326	82.77311707	20.34519196	40.90143204	20.4460907
553	20.51365089	40.32140732	38.54930496	8.322390556	82.36162567	30.59973145	82.73893738	19.67884445	40.1531105	22.09596634
552	20.90642166	39.62985992	38.01734543	8.328950882	82.38461304	31.08168983	82.69447327	19.00656509	39.39958191	23.82875061
551	21.27572441	38.91706085	37.48324966	8.355312347	82.41759491	31.6400013	82.67225647	18.34132195	38.63473511	25.6318512
550	21.64032936	38.20057297	36.93913269	8.387095451	82.4193573	32.25251007	82.61619568	17.69192123	37.86727524	27.45046043
549	21.99454117	37.47249603	36.37566376	8.438822746	82.42377472	32.93267059	82.56732178	17.04486847	37.08154297	29.30605888
548	22.34165192	36.72641373	35.80044556	8.499204636	82.42307281	33.68621445	82.51190948	16.4052639	36.29084778	31.14596748
547	22.66962624	35.96601868	35.20899963	8.576177597	82.41186523	34.48157883	82.44586182	15.77276707	35.49386597	32.99552917
546	22.97607803	35.19908905	34.61764526	8.670719147	82.38294983	35.32202911	82.37997437	15.16427803	34.69333267	34.8237915
545	23.26248169	34.41219711	33.98980713	8.776856422	82.3454895	36.23347855	82.3004303	14.58309937	33.8747406	36.63482666
544	23.55141449	33.61369705	33.36672211	8.897525787	82.32187653	37.18106461	82.21696472	14.00906754	33.05886841	38.40083313
543	23.82396507	32.8182869	32.73983765	9.031888008	82.30964661	38.16300583	82.16042328	13.44659042	32.25823212	40.11902237
542	24.07269287	31.99754333	32.10018921	9.180540085	82.2816391	39.18252563	82.06757355	12.90396595	31.44294548	41.76807022
541	24.30744553	31.16748428	31.44405937	9.34600544	82.24308014	40.23958969	81.98483276	12.38129807	30.62068558	43.34768677
540	24.52465057	30.33485413	30.78528976	9.529618263	82.20504761	41.31971359	81.89997101	11.87980175	29.83580589	44.87881088
539	24.72132111	29.52220154	30.11179924	9.729180336	82.1522522	42.39796829	81.80155945	11.40207005	29.01931	46.34076309
538	24.90461159	28.66716576	29.44948387	9.940736771	82.09610748	43.48649597	81.70110321	10.94954109	28.20776367	47.74050522
537	25.07218361	27.8176651	28.76251411	10.17970085	82.03793335	44.6019783	81.59941864	10.52122116	27.41156006	49.06589508
536	25.21253395	26.95413208	28.06348038	10.41105556	81.95917511	45.71949005	81.47490692	10.12674141	26.60688972	50.30924225
535	25.3430481	26.08194351	27.34783363	10.66662025	81.87615204	46.84124374	81.354599	9.75049305	25.81004715	51.49061966
534	25.45484924	25.22251892	26.63455391	10.9475975	81.79464722	47.96341705	81.23523712	9.39415741	25.0219841	52.60393906
533	25.54118729	24.34504318	25.91231346	11.24371243	81.69420624	49.08448792	81.08853912	9.068020821	24.23992348	53.64905167
532	25.62408447	23.47950935	25.18516922	11.55150795	81.60984039	50.21270752	80.97188568	8.766501427	23.46949387	54.63448715
531	25.68050194	22.61187553	24.45061684	11.88117409	81.50239563	51.3029213	80.81813812	8.49546051	22.7115345	55.54396057
530	25.71356392	21.75939369	23.72076988	12.22418785	81.40003967	52.39813232	80.6774826	8.252966881	21.96979141	56.39489746
529	25.73232269	20.92125893	22.97925186	12.57967854	81.28557587	53.4655571	80.53141022	8.033119202	21.26076508	57.17948914
528	25.73103714	20.07382774	22.24459648	12.95218658	81.16313934	54.51079559	80.36953735	7.84612751	20.54559517	57.895298
527	25.71464157	19.24187469	21.50748062	13.33709335	81.03632355	55.53180313	80.19837952	7.679894924	19.86075592	58.55274963
526	25.67856979	18.4243145	20.79279137	13.73877811	80.8979187	56.53669357	80.03009796	7.539678097	19.18507004	59.15139771
525	25.62669373	17.6185379	20.05402184	14.16168213	80.74951172	57.51786041	79.85048676	7.423747063	18.53702354	59.69322586
524	25.55389595	16.83465004	19.32500458	14.59143639	80.6006546	58.465065	79.65579987	7.335971832	17.90795517	60.17443848
523	25.46600533	16.075634	18.60296059	15.03700829	80.43231201	59.3760643	79.46109772	7.277049065	17.31252861	60.54765701
522	25.36224174	15.33523941	17.88111687	15.47952366	80.26597595	60.27994537	79.2611618	7.239898205	16.73347092	60.92908859
521	25.24066353	14.63342667	17.17089844	15.95141125	80.08795929	61.09218216	79.05391693	7.222281933	16.19035149	61.25022125
520	25.09746361	13.94875431	16.47027206	16.42616653	79.87519073	61.92172623	78.81269836	7.225263119	15.67590046	61.50811386
519	24.94101143	13.302351	15.77618313	16.92150307	79.67403412	62.71671295	78.5798111	7.268371105	15.18418121	61.72452164
518	24.77409744	12.68919086	15.10133839	17.42367935	79.4587326	63.49343872	78.33267212	7.322067738	14.75446892	61.88596725
517	24.59391975	12.11226654	14.45664883	17.93543434	79.23838043	64.23748016	78.09354401	7.402346611	14.33767033	61.99970627
516	24.39840698	11.57562351	13.80915356	18.4588604	78.99643707	64.9510498	77.82809448	7.510922432	13.95471001	62.05939865
515	24.19279671	11.08714199	13.17950535	18.9935112	78.7432785	65.63473511	77.54788971	7.632717609	13.6224556	62.0618248
514	23.97062111	10.63390446	12.57443047	19.53852844	78.47832489	66.29143524	77.26759338	7.784362316	13.3249445	62.0230484
513	23.73719788	10.23874664	11.98433971	20.08452034	78.20198059	66.91957855	76.97275543	7.953197479	13.06614494	61.93065262
512	23.49818611	9.876008987	11.41438675	20.64814568	77.90529633	67.52479553	76.67155457	8.156126022	12.85451508	61.77649689
511	23.24710655	9.552973747	10.8770752	21.19500542	77.59635925	68.09143829	76.34166718	8.378956795	12.68549633	61.56793213
510	22.98578644	9.273143768	10.35589027	21.77162743	77.268013	68.63624573	76.01052856	8.616128922	12.56029797	61.29283905
509	22.72335815	9.036346436	9.871439934	22.34840775	76.93475342	69.15847778	75.66851807	8.871356964	12.48506832	60.9739151
508	22.45526314	8.832001686	9.407855988	22.9304657	76.56363678	69.63700867	75.29417419	9.147661209	12.45106411	60.57088852
507	22.17989731	8.666161537	8.97492218	23.51138115	76.1829834	70.09942627	74.91640472	9.440536499	12.47337818	60.13278961
506	21.90826607	8.535233498	8.566050529	24.11014748	75.78616333	70.54349518	74.52967072	9.757379532	12.53691959	59.60669708
505	21.63637352	8.428411484	8.195508003	24.70299721	75.35819244	70.95030975	74.11721039	10.07215977	12.64244843	59.06606674
504	21.36764145	8.349451065	7.847673893	25.29639435	74.92567444	71.34577942	73.70046997	10.40646362	12.79234982	58.409935
503	21.09807396	8.290066719	7.535672665	25.89442062	74.44460297	71.6857605	73.23926544	10.74118614	12.98119736	57.64784241
502	20.84099579	8.251431465	7.254304409	26.48991394	73.95353699	72.01462555	72.77429199	11.08937645	13.20434666	56.82139587
501	20.60398102	8.233768463	7.001307964	27.09158897	73.44429779	72.3347168	72.30406189	11.44492149	13.47514439	55.91181564
500	20.36896324	8.232002258	6.780508518	27.6924839	72.90001678	72.6110611	71.80111694	11.81283283	13.77842808	54.91005325
499	20.13631439	8.253404617	6.586424351	28.28497314	72.33594513	72.87994385	71.2819519	12.17183971	14.10922623	53.82061768
498	19.91924667	8.288204193	6.420645714	28.89413834	71.74980927	73.12055969	70.74478149	12.54136753	14.47171688	52.62927246
497	19.72469902	8.34026432	6.280112267	29.48800659	71.12628937	73.33039093	70.18067932	12.90238667	14.8414259	51.34215164
496	19.54840851	8.413332939	6.171256542	30.05673981	70.47299194	73.52358246	69.59822083	13.26465416	15.2467432	49.95056152
495	19.39273453	8.516700745	6.082700729	30.64587593	69.78495789	73.69022369	68.99391174	13.61988354	15.67695236	48.45266342
494	19.25780869	8.638399124	6.023757458	31.24145699	69.07711029	73.84319305	68.36341095	13.97276878	16.12184525	46.848423
493	19.14924622	8.785259247	5.973834991	31.81842041	68.3193512	73.96390533	67.69573975	14.31189442	16.57884407	45.13485718
492	19.06645012	8.966087341	5.95842886	32.39798737	67.53377533	74.06305695	67.01294708	14.64953899	17.05162048	43.31846619
491	19.01290512	9.177189827	5.963724136	32.96905136	66.71320343	74.12892914	66.3059082	14.95960331	17.52910423	41.43672943
490	18.99580956	9.425974846	5.980863571	33.54407501	65.84513092	74.17538452	65.55058289	15.26697063	18.0194664	39.40690613
489	19.00757027	9.707584381	6.032804966	34.10733032	64.94176483	74.20018005	64.77655029	15.57019329	18.51743698	37.30848694
488	19.05626869	10.02046871	6.091553211	34.66398239	64.0044632	74.20507813	63.97899246	15.84944153	19.00961685	35.15385437
487	19.15435219	10.36393166	6.17773819	35.2297821	63.02816772	74.18682098	63.14598846	16.12119293	19.51118851	32.92290878
486	19.28717613	10.74240208	6.273932934	35.76489639	62.00365067	74.13900757	62.27775574	16.37456322	20.00309181	30.68977547
485	19.47793388	11.16162491	6.395611763	36.30566025	60.93834305	74.05323792	61.37256622	16.59820938	20.49869919	28.45869827
484	19.71675873	11.61010647	6.528072357	36.83531952	59.83443832	73.94729614	60.43018723	16.81307602	20.96473503	26.21888161
483	20.01241684	12.08409214	6.677659035	37.35565567	58.73524857	73.81117249	59.4525032	17.00672913	21.44718933	24.0334816
482	20.37128448	12.58648014	6.843223572	37.86836624	57.55031967	73.65185547	58.49020767	17.18506813	21.92032051	21.91941452
481	20.78647614	13.1203413	7.02259016	38.37762833	56.31016922	73.44711304	57.42062378	17.33469772	22.3759861	19.92062187
480	21.27881813	13.65926743	7.211766243	38.8621521	55.0541153	73.23020172	56.34643173	17.46053696	22.82991409	18.06647873
479	21.85176277	14.2267971	7.420433521	39.3490181	53.7491188	72.96458435	55.21659088	17.57224655	23.26089478	16.34324265
478	22.50131226	14.783391	7.631752491	39.81568146	52.39761734	72.65529633	54.03279877	17.65151405	23.68251801	14.80159664
477	23.2412796	15.37596512	7.859193325	40.2912674	51.02598953	72.32979584	52.82174683	17.71169662	24.09085083	13.46362019
476	24.0512886	15.96364117	8.080810547	40.73104095	49.62749863	71.95504761	51.58283234	17.74946213	24.48229218	12.3123827
475	24.96198082	16.56255722	8.32272625	41.17029953	48.19829559	71.54257965	50.29471207	17.76132965	24.84862518	11.37559128
474	25.94715118	17.16384506	8.563245773	41.60766983	46.73258591	71.07910156	48.94818497	17.75468254	25.20665169	10.63534546
473	27.01900864	17.77020264	8.804445267	42.02923584	45.26018524	70.58211517	47.58349609	17.72200966	25.54366112	10.10429859
472	28.15095139	18.36607933	9.046736717	42.39334106	43.77515793	70.03032684	46.18066788	17.66338348	25.85335159	9.755915642
471	29.38336563	18.95953751	9.292934418	42.7878685	42.25561905	69.42391205	44.72841644	17.58276176	26.15262222	9.573702812
470	30.64597893	19.54637718	9.530467987	43.17193604	40.7783699	68.77014923	43.25257492	17.48319244	26.42313957	9.538271904
469	31.98715591	20.12547874	9.771321297	43.5369072	39.24503326	68.04968262	41.75759888	17.34730339	26.67330933	9.620326042
468	33.39003754	20.69235992	10.01252556	43.90037155	37.71900177	67.26420593	40.19983673	17.20238876	26.9023838	9.775482178
467	34.84384537	21.22370148	10.23394108	44.2425499	36.19235992	66.41239166	38.60335922	17.03162384	27.1084137	9.996602058
466	36.32406235	21.75451279	10.44433022	44.56726074	34.6851387	65.4879837	36.99440002	16.84074974	27.28497314	10.23529339
465	37.85063553	22.2789402	10.65944481	44.89234924	33.17993546	64.47918701	35.34083176	16.62648964	27.44516373	10.46720028
464	39.38331604	22.7691021	10.85792065	45.19771576	31.7210865	63.40681076	33.69966888	16.3978138	27.56744957	10.6862011
463	40.92910767	23.24702835	11.05100536	45.48995209	30.27071381	62.23087692	32.03185272	16.1552124	27.67078209	10.87126732
462	42.44853973	23.70670128	11.23167133	45.76125717	28.87731934	60.96848297	30.3592701	15.88202572	27.73974228	11.00137329
461	43.99661255	24.13251877	11.39874554	46.02928925	27.50710487	59.67458725	28.71879196	15.59357643	27.78780365	11.07971668
460	45.52552032	24.53801155	11.54807854	46.27597809	26.16588402	58.2181282	27.0612793	15.30326462	27.80718613	11.08778763
459	47.03100586	24.92095566	11.69007683	46.51483154	24.86365891	56.64624405	25.41558075	15.00334549	27.79925728	11.0299139
458	48.51728058	25.26707077	11.81474495	46.72483444	23.61101913	54.97491074	23.80124283	14.68718147	27.76157951	10.90504456
457	49.96850586	25.59563255	11.92156696	46.92930222	22.42072105	53.20124435	22.2289238	14.36796093	27.69421387	10.71461773
456	51.37749863	25.88529778	12.01614475	47.10779572	21.29567528	51.31187057	20.70778847	14.0248394	27.59810448	10.47627449
455	52.77931976	26.16062546	12.0915575	47.2987442	20.19461441	49.31863022	19.22803497	13.68212223	27.48841667	10.17763424
454	54.10705185	26.39340019	12.15250206	47.45842361	19.14425659	47.20693588	17.80413055	13.33436108	27.3321476	9.823219299
453	55.38153076	26.59095001	12.19229031	47.59348297	18.16346741	45.00752258	16.46678352	12.98995304	27.15489388	9.445850372
452	56.6197319	26.76762009	12.21435356	47.71966934	17.22578239	42.72615433	15.21172142	12.6500082	26.94753456	9.041654587
451	57.79489517	26.90115738	12.22233105	47.82889175	16.3424778	40.34960556	14.04346657	12.31270695	26.70043945	8.628770828
450	58.91897583	27.00664711	12.21094608	47.91365051	15.51823425	37.90018463	12.97195911	11.97387886	26.44964981	8.222867966
449	59.99297714	27.07506943	12.18142033	47.98983765	14.75560379	35.42233658	12.01240063	11.6404314	26.1560955	7.835539341
448	61.00468063	27.1174221	12.14083004	48.04352951	14.02101421	32.93194199	11.16340065	11.32529259	25.83347321	7.473060131
447	61.96217728	27.11450577	12.07429028	48.08187485	13.34358692	30.46027756	10.43237019	11.02241707	25.49437141	7.146509647
446	62.84452438	27.09046173	11.99611855	48.11150742	12.70283222	28.03734207	9.795714378	10.73091793	25.12620735	6.864837646
445	63.66847229	27.02589035	11.90298939	48.11985397	12.11179352	25.73051453	9.278353691	10.46915817	24.73765755	6.643957615
444	64.46385956	26.9110508	11.79519272	48.10029221	11.56318855	23.54305267	8.867101669	10.21021271	24.3159256	6.47967577
443	65.19550323	26.77277374	11.66291332	48.06678772	11.04522419	21.5561657	8.541819572	9.969360352	23.87751389	6.377815723
442	65.87687683	26.59555435	11.52658749	48.02074432	10.57719707	19.75949669	8.298032761	9.747162819	23.42069054	6.344939709
441	66.49974823	26.3850174	11.36872196	47.93634033	10.12982559	18.23817825	8.140558243	9.556674957	22.94651222	6.3762784
440	67.07069397	26.13433838	11.20004749	47.84741211	9.721400261	16.98219872	8.04855442	9.389136314	22.45421219	6.475857258
439	67.59317017	25.85570908	11.02093697	47.740448	9.332068443	16.00972366	8.008836746	9.246397972	21.95752525	6.638306141
438	68.06455994	25.54228401	10.83148384	47.61074829	8.972890854	15.33777523	8.043759346	9.126238823	21.45370865	6.850818634
437	68.47006989	25.17940521	10.64213371	47.44818115	8.640779495	14.98557663	8.132225037	9.047354698	20.92630386	7.102142334
436	68.83603668	24.79846764	10.43172455	47.26548767	8.327792168	14.89530373	8.286343575	8.983972549	20.39197731	7.385479927
435	69.15250397	24.38008881	10.21608925	47.07271576	8.041657448	15.08425903	8.505427361	8.951060295	19.85856438	7.675102711
434	69.41327667	23.92284966	9.999958992	46.85697556	7.777587891	15.53793812	8.800120354	8.946907043	19.31967926	7.983994961
433	69.62171173	23.44643211	9.765733719	46.61581039	7.538277626	16.24469566	9.16024971	8.98723793	18.78932381	8.261030197
432	69.77864075	22.93883133	9.541163445	46.3413353	7.316917896	17.16807365	9.589064598	9.049005508	18.26093674	8.509653091
431	69.88292694	22.39995003	9.312603951	46.04676437	7.120641708	18.2639389	10.09036732	9.143241882	17.74778175	8.736838341
430	69.94194031	21.84410667	9.080010414	45.74075699	6.950223446	19.53640938	10.6626997	9.263727188	17.24840736	8.908022881
429	69.96193695	21.29062271	8.854333878	45.4106369	6.798301697	20.89884186	11.26131058	9.422813416	16.76762199	9.018614769
428	69.91446686	20.6953392	8.632671356	45.04296112	6.673627377	22.32804871	11.9408989	9.613484383	16.29865837	9.06132412
427	69.81887054	20.0793457	8.415962219	44.65860748	6.577292442	23.8092041	12.65753937	9.837073326	15.85284042	9.057781219
426	69.68421173	19.45554924	8.201826096	44.23028564	6.507226944	25.30377197	13.41498756	10.08853054	15.44970322	8.988120079
425	69.49373627	18.84100533	8.00041008	43.83730316	6.458474159	26.77164841	14.20273781	10.36403942	15.08432484	8.854587555
424	69.23414612	18.20535851	7.804145336	43.35479736	6.44026041	28.19634056	15.01584625	10.66418266	14.72619057	8.665393829
423	68.92370605	17.57684135	7.619982719	42.8482933	6.447381973	29.54792023	15.82255745	11.00607681	14.42634773	8.430109024
422	68.56318665	16.96405792	7.441785812	42.33000183	6.481143475	30.79093933	16.6550808	11.3534832	14.16642761	8.156112671
421	68.1400528	16.38108444	7.286015034	41.76062393	6.547070026	31.94814301	17.48250771	11.73112679	13.95769024	7.873968601
420	67.66078949	15.80563164	7.137291431	41.17727661	6.640458107	32.99041367	18.31661415	12.11981297	13.80317211	7.566807747
419	67.11282349	15.29256439	7.009736061	40.55666351	6.757750988	33.90746307	19.12680817	12.52808762	13.70991421	7.257808208
418	66.52015686	14.79276943	6.8985672	39.90878677	6.898059845	34.67913818	19.91616631	12.94454193	13.68709183	6.967811584
417	65.87692261	14.3380661	6.795373917	39.22812653	7.067368031	35.32968903	20.70436478	13.35887623	13.73243427	6.701280117
416	65.16700745	13.92096615	6.718637466	38.51564407	7.25604105	35.82455826	21.44081116	13.7794199	13.86785984	6.481064796
415	64.39592743	13.57457161	6.648778915	37.77690125	7.462903023	36.16765213	22.13374329	14.19405365	14.08285713	6.307281971
414	63.592556	13.27879047	6.605922699	37.00922012	7.686293125	36.37635422	22.82651711	14.61254406	14.38253498	6.18055439
413	62.73264313	13.04343987	6.579997063	36.21918106	7.917338371	36.41656494	23.46516991	14.99283791	14.75968933	6.11749506
412	61.87810898	12.87020779	6.558015823	35.37586594	8.179192543	36.31340408	24.07281685	15.37480545	15.24012756	6.111348629
411	60.90491486	12.76101494	6.569088936	34.51684952	8.433707237	36.04418182	24.6318264	15.72899437	15.79471111	6.186009407
410	59.99048615	12.71169186	6.590349674	33.63569641	8.685998917	35.63529205	25.14645004	16.06689644	16.4282856	6.300168991
409	59.00914383	12.73380947	6.632031918	32.71975327	8.932269096	35.07102203	25.61094093	16.38187408	17.14876938	6.471398354
408	58.05223083	12.82038593	6.692370415	31.7933445	9.184008598	34.34129333	26.04802895	16.66208458	17.94591141	6.680045605
407	57.09080505	12.98476887	6.7602005	30.83210182	9.403824806	33.45769119	26.42826843	16.90248108	18.80573273	6.904765129
406	56.17171478	13.21043205	6.848828316	29.86959457	9.603643417	32.4348793	26.74443054	17.12269974	19.71499443	7.151082516
405	55.28488922	13.52204227	6.948615074	28.8669281	9.793074608	31.25970078	27.03109932	17.30693817	20.694664	7.389672756
404	54.45837402	13.93091774	7.060422421	27.83249092	9.95198822	29.96374702	27.26363754	17.44435692	21.70352554	7.607857704
403	53.69668198	14.40292549	7.188127518	26.77841759	10.07143497	28.49911118	27.43556404	17.53768158	22.73602676	7.801688671
402	53.03339767	14.97387314	7.320106506	25.7207489	10.15261364	26.93338013	27.55443382	17.60827065	23.79354286	7.930627346
401	52.45587158	15.63521099	7.468605995	24.64356613	10.19390297	25.23163605	27.61483574	17.60940742	24.89291382	8.020020485
400	51.99450684	16.39863014	7.619196415	23.57500076	10.20117664	23.4637146	27.64186478	17.59032249	26.00120544	8.044490814
399	51.6499176	17.26001358	7.783147812	22.4958992	10.15898228	21.65377235	27.59605408	17.51525307	27.10617447	8.001749039
398	51.42212677	18.2064743	7.942345619	21.43828011	10.07980061	19.78857803	27.50562477	17.40299034	28.20576668	7.909284115
397	51.31299591	19.23065186	8.101257324	20.36807823	9.946199417	17.92937279	27.36039925	17.24867439	29.28152657	7.77239418
396	51.32506943	20.3403511	8.267894745	19.31477165	9.771495819	16.11123657	27.15569496	17.04421043	30.34970093	7.58326149
395	51.448452	21.49958229	8.43333149	18.26422691	9.555673599	14.36381626	26.89597321	16.80285072	31.38298416	7.377886772
394	51.65166473	22.70981407	8.583655357	17.25793266	9.307468414	12.74936008	26.58005524	16.53138733	32.37126541	7.152574539
393	51.97234344	23.98908043	8.733898163	16.27208138	9.02438736	11.27362251	26.22755241	16.23371696	33.36260986	6.945508957
392	52.36044693	25.30115509	8.881950378	15.31828594	8.714735985	10.01823425	25.81495667	15.88664246	34.31235123	6.745205879
391	52.81177521	26.62619591	9.017926216	14.4092617	8.37471199	8.956568718	25.35453606	15.52278423	35.20688629	6.58980608
390	53.30403519	27.95796585	9.141653061	13.54291916	8.026207924	8.141098022	24.84302711	15.15298367	36.06079102	6.500591278
389	53.7989502	29.28952789	9.245922089	12.72793293	7.677680016	7.553719997	24.2911396	14.7522707	36.85731506	6.469575882
388	54.29880524	30.59884834	9.345784187	11.95704174	7.337403297	7.184239864	23.69820404	14.34258842	37.61760712	6.515471935
387	54.78818893	31.88918686	9.423146248	11.24870205	7.002486229	7.030288696	23.06876755	13.93946934	38.30305099	6.644331455
386	55.22471619	33.14673615	9.488239288	10.62117958	6.703721523	7.059523106	22.41383934	13.52257919	38.93305206	6.863892078
385	55.58771515	34.37947845	9.533490181	10.0482378	6.430230618	7.265568733	21.72374535	13.12393093	39.50943375	7.155526161
384	55.86182022	35.55295563	9.569911957	9.543814659	6.206645012	7.636020184	21.03124046	12.73443413	40.01740646	7.502877235
383	56.02575302	36.66212463	9.567905426	9.089962006	6.029284477	8.154388428	20.29863739	12.37391758	40.45270157	7.924849033
382	56.07534027	37.72210693	9.563285828	8.73048687	5.904550552	8.795355797	19.55648804	12.0470686	40.81606674	8.37402153
381	55.97681808	38.70958328	9.536976814	8.423575401	5.834862232	9.500248909	18.81848526	11.75635338	41.11574173	8.856498718
380	55.70806122	39.62034988	9.491687775	8.180978775	5.832679749	10.24626541	18.08983231	11.50249863	41.31690216	9.335215569
379	55.2833786	40.45343781	9.423753738	8.003891945	5.885513306	10.98394966	17.37160492	11.29399014	41.45447922	9.805948257
378	54.65725708	41.19058609	9.346299171	7.884116173	5.9848032	11.66737175	16.69877625	11.13636684	41.49028778	10.26712608
377	53.84782028	41.85531616	9.239213943	7.827056408	6.146363258	12.29285908	16.05602455	11.04634476	41.45328903	10.71237278
376	52.81804657	42.42060852	9.119000435	7.815289497	6.351075172	12.80543137	15.46218967	11.01861	41.30899048	11.135952
375	51.57575226	42.85657883	8.979826927	7.851186275	6.602067471	13.18489456	14.92967796	11.03949738	41.05319977	11.53932571
374	50.14124298	43.21019363	8.823883057	7.924361229	6.907110214	13.43565273	14.45980453	11.13768959	40.70165634	11.93721008
373	48.48517227	43.44894409	8.661574364	8.033080101	7.235699654	13.53171825	14.05813408	11.30620384	40.24581146	12.34143639
372	46.65608597	43.54440308	8.49428463	8.168289185	7.576648235	13.48425865	13.73983002	11.52928352	39.66387177	12.74395943
371	44.68334961	43.54021454	8.295053482	8.326684952	7.934439659	13.28470039	13.50543594	11.82878304	38.96692276	13.13472843
370	42.64608765	43.42650986	8.092867851	8.495480537	8.270466805	12.9678936	13.35534668	12.20469475	38.14776611	13.56175232
369	40.50009537	43.20890427	7.894615173	8.663341522	8.60484314	12.52358913	13.28508568	12.61968899	37.18177414	13.99211597
368	38.38863373	42.81708527	7.67605257	8.832283974	8.881530762	11.98596096	13.30993938	13.11670971	36.08888626	14.41895771
367	36.41358948	42.27893448	7.465684891	8.989871025	9.09040451	11.40600204	13.427104	13.65511799	34.87054062	14.81739044
366	34.59741211	41.58358765	7.232573032	9.120049477	9.239976883	10.76524925	13.6206665	14.23385429	33.49375916	15.19992924
365	33.04640961	40.75397873	7.006937981	9.224644661	9.30890274	10.14741993	13.91517067	14.84202385	32.00274277	15.509058
364	31.75751495	39.7687645	6.77411747	9.295186996	9.286719322	9.544957161	14.31304646	15.46544361	30.40684319	15.77525806
363	30.72793007	38.5868721	6.550337315	9.313660622	9.182677269	8.994648933	14.79136181	16.09815407	28.63967514	15.89693832
362	29.8033123	37.22190475	6.30314827	9.28693676	8.982506752	8.532412529	15.33045006	16.71754646	26.77694511	15.89053154
361	28.97282982	35.68643951	6.070198059	9.198225975	8.720134735	8.170412064	15.96805382	17.33764839	24.83383942	15.69404984
360	28.08469772	33.99423981	5.831809044	9.061976433	8.384998322	7.920527458	16.68854904	17.92819405	22.81736755	15.30370808
359	27.12086487	32.10924149	5.589287281	8.853329659	8.016923904	7.794597626	17.44930458	18.4460392	20.8035183	14.67759895
358	26.05550194	30.06819344	5.339550972	8.585686684	7.638269901	7.761156082	18.27665329	18.91698074	18.75325394	13.78896809
357	24.99884605	27.87169838	5.105669975	8.268000603	7.287802696	7.845047951	19.12953377	19.31769562	16.78476334	12.65761566
356	24.02658272	25.53696823	4.878007412	7.882577419	7.006214142	8.003619194	20.01415062	19.61886978	14.91403961	11.34103107
355	23.30629539	23.12549591	4.681142807	7.440979958	6.806332111	8.193837166	20.88817024	19.83867073	13.15969658	9.900458336
354	22.96025085	20.66838264	4.548701763	6.984410763	6.72650671	8.407177925	21.74775696	19.96582985	11.58887959	8.46019268
353	23.00764084	18.1738205	4.539837837	6.506179333	6.756819725	8.581687927	22.56105042	19.96438599	10.23559475	7.135169029
352	23.4258194	15.77276421	4.736798763	6.013062	6.930822372	8.715865135	23.33545876	19.83440399	9.070472717	6.058412552
351	24.07390594	13.55150509	5.108766079	5.534653187	7.217760563	8.7513237	24.04303932	19.60050011	8.150835991	5.271700382
350	24.7700901	11.51655769	5.618140697	5.084972858	7.600711346	8.656435966	24.66462326	19.23459244	7.415468693	4.763297081
349	25.74910927	9.517187119	6.116062641	4.77944088	8.05300045	8.47234726	25.1472435	19.38350487	7.163454533	4.434254169
348	26.15167809	8.432705879	6.475294113	4.457447052	8.573760033	8.078737259	25.53289986	18.74628448	6.865180016	4.323440075
347	26.0527668	7.751142979	6.605270386	4.23756218	9.010480881	7.488335133	25.80520439	17.94901276	6.754624367	4.228796482
346	25.53171921	7.371173859	6.573169231	4.119148254	9.364958763	6.809208393	25.95812416	17.1081295	6.874985695	4.191344738
345	24.60400581	7.227309227	6.370578766	4.167620659	9.583263397	5.984204292	25.95944786	16.16237068	7.245727062	4.19149065
344	23.30233383	7.116278648	6.156257153	4.377836227	9.586109161	5.082828522	25.82590485	15.14891434	7.821596622	4.159791946
343	21.71526337	7.020280361	5.963504314	4.808382988	9.336624146	4.189651012	25.5117321	14.11406136	8.54636097	4.182575226
342	20.01084709	6.926498413	5.887070656	5.484211922	8.877225876	3.328835249	25.12792015	13.00613308	9.416100502	4.175442696
341	18.20522499	6.878172398	5.932433128	6.421940804	8.175573349	2.570815325	24.59141541	11.97042465	10.32454205	4.172372341
340	16.54374886	6.937272072	6.154314995	7.627470493	7.310255527	2.073064327	23.91965675	10.95282555	11.20241547	4.179891109
339	15.13649464	7.095125675	6.461544514	8.884162903	6.348391533	1.73000288	23.08368111	10.04845238	11.97244644	4.108323097
338	13.88244534	7.473799229	6.93602705	10.53026772	5.453969955	1.837730646	22.24943924	9.207085609	12.77243042	4.098130226
337	12.86582279	8.020121574	7.41934967	12.28919983	4.736331463	2.439789295	21.38406944	8.511957169	13.47992611	4.089771271
336	12.0970583	8.653103828	7.867581367	14.13649368	4.341851711	3.533449888	20.52906609	8.001865387	14.06380558	4.082349777
335	11.51462173	9.357388496	8.2667799	15.99458313	4.313016415	5.119882107	19.69687271	7.648191929	14.58775997	4.071776867
334	11.03227234	10.05315018	8.576349258	17.92216301	4.709469795	7.088178635	18.9562645	7.438236713	14.95914936	4.056015968
333	10.64784431	10.68894863	8.810933113	19.79437637	5.428943157	9.34346199	18.29293442	7.350469112	15.26790428	4.056092739
332	10.3411274	11.27581692	8.976804733	21.60649872	6.407662868	11.72759247	17.78222847	7.469103336	15.5317297	4.027285099
331	10.11772251	11.77968597	9.119720459	23.3344574	7.576871872	14.22988796	17.41275978	7.672641277	15.75560951	4.022128582
330	10.01769829	12.24434948	9.267251015	24.93771744	8.80880928	16.65230751	17.19788742	7.979353905	15.97054958	4.008294106
329	10.03701019	12.64078045	9.455761909	26.43096542	10.03048611	19.00584221	17.13965797	8.322377205	16.20782089	4.014583588
328	10.20369434	12.99830532	9.702940941	27.75117111	11.17159557	21.17961693	17.17313957	8.735245705	16.46718407	4.004235744
327	10.55100822	13.33695221	10.06291008	28.95436478	12.2142067	23.12644577	17.30521011	9.101203918	16.7507019	3.988795042
326	11.00574207	13.67720413	10.57305908	29.9838028	13.09752846	24.85987854	17.50542068	9.433156967	17.09078026	3.992516994
325	11.61240768	14.03877831	11.24112034	30.90067101	13.84941006	26.37526131	17.75993919	9.737814903	17.45472336	3.998761892
324	12.33690929	14.40321445	12.00408554	31.67941284	14.42200756	27.62822914	18.00419617	9.913836479	17.86458588	3.978843927
323	13.11545372	14.81627083	12.84725857	32.31837463	14.85452747	28.64204025	18.23262978	10.07456398	18.28564453	3.982796907
322	13.95507431	15.24586487	13.70674038	32.8572731	15.1356287	29.42813873	18.4300499	10.14203072	18.71602058	3.973979473
321	14.81420612	15.72148609	14.55438709	33.26955032	15.29079437	29.98435402	18.59183693	10.17954063	19.14895248	3.972955704
320	15.64995098	16.20405769	15.3416338	33.58581161	15.31508064	30.35315132	18.68169022	10.15058804	19.55721092	3.971917868
319	16.48306084	16.7493782	16.14256287	33.82408524	15.24775314	30.55760384	18.73600006	10.1139555	19.9696064	3.963576078
318	17.25753975	17.28631973	16.92284012	33.96846771	15.08756542	30.60983658	18.73390388	10.07813549	20.33568382	3.955055952
317	18.01085091	17.84535027	17.72556114	34.03430557	14.83384609	30.52271271	18.6949749	10.04896927	20.68451691	3.958799362
316	18.69948196	18.38892746	18.50209999	34.03998184	14.51109219	30.3329258	18.63394165	10.05869579	21.01785469	3.960885048
315	19.34072685	18.95094299	19.29393768	33.9728241	14.12173462	30.06669426	18.55443382	10.11456394	21.31424522	3.966339588
314	19.94485855	19.48262024	19.95763397	33.87947464	13.68816566	29.73462105	18.46636009	10.22698784	21.60296059	3.951833963
313	20.50788116	20.00757408	20.46949196	33.72630692	13.2120018	29.34497833	18.35900497	10.41405487	21.85792351	3.971835613
312	21.00741005	20.4942112	20.698946	33.52262878	12.6971035	28.93434525	18.27556038	10.60696316	22.11159515	3.966523647
311	21.49051476	20.97190475	20.52869415	33.28381348	12.18103123	28.51099014	18.19483566	10.86725426	22.33644485	3.957348108
310	21.94457245	21.39767265	19.82472801	33.01832962	11.64011097	28.07336426	18.13543701	11.1292181	22.54507637	3.957639456
309	22.36706924	21.82280731	18.54776573	32.71889114	11.09867764	27.63845062	18.08486938	11.45681	22.73841667	3.98052907
308	22.76625633	22.20228958	16.7361908	32.40008163	10.54638767	27.21412468	18.06038284	11.74575424	22.92349815	3.981159449
307	23.13384438	22.55728722	14.57433224	32.05794144	10.01912308	26.81117821	18.06994247	12.07451248	23.11223793	4.007091999
306	23.45442009	22.87639999	12.40644741	31.70500374	9.484654427	26.4257679	18.10964394	12.36416912	23.28538704	4.007399082
305	23.76311684	23.16969109	10.6867857	31.34065056	8.977385521	26.05037308	18.14468956	12.6522665	23.44602776	4.01629591
304	24.03359985	23.4375	9.668729782	30.96574402	8.473708153	25.70536804	18.20986748	12.91828346	23.57863235	4.012239456
303	24.27281761	23.67920876	9.299321175	30.57497978	8.020331383	25.39208603	18.30203819	13.18181992	23.72862816	4.005298615
302	24.4621563	23.8891983	9.302487373	30.18525314	7.574734688	25.0897007	18.40862465	13.41316795	23.85951614	3.991882563
301	24.64955711	24.07429886	9.400832176	29.79784203	7.159567356	24.81589317	18.55686951	13.64166641	23.99791718	3.985014915
300	24.81130028	24.24108124	9.422800064	29.42902374	6.790698528	24.56755066	18.6717186	13.84055805	24.09760666	3.976207733
