sample2
       0
       0
       0
       0
       0
       0
       0
       0
       0
       0
       0
       0
       0
       0
       0
       0
       0
       0
       0
       0
       0
       0
       0
       0
       0
       0
       0
       0
       0
       0
       0
       0
       0
       0
       0
       0
       0
       0
       0
       0
       0
       0
       0
       0
       0
       0
       0
       0
       0
       0
       0
       0
       0
       0
       0
       0
       0
       0
       0
       0
       0
       0
       0
       0
       0
       0
       0
       0
       0
       0
       0
       0
       0
       0
       0
       0
       0
       0
       2
       5
      28
      52
      36
      54
      42
      38
      47
      40
      35
      35
      41
      36
      37
      51
      43
      40
      43
      38
      41
      34
      39
      46
      37
      21
      31
      35
      34
      32
      37
      39
      47
      31
      35
      27
      39
      35
      37
      49
      38
      54
      33
      43
      31
      45
      37
      58
      52
      44
      38
      50
      43
      42
      53
      50
      45
      41
      67
      62
      73
      70
      74
      59
      67
      81
      91
      70
      79
      81
      90
      72
      99
      80
     106
      94
     105
     110
     133
     106
     111
     113
     127
     136
     126
     132
     126
     127
     137
     136
     125
     134
     113
     123
     112
     127
     126
     111
     100
     115
     110
     108
     105
      98
     109
      99
      88
     107
     108
      86
     117
     100
      86
      84
      84
      93
      86
      98
      95
      80
      83
      85
      82
      94
      82
      68
      74
      94
      86
      96
      71
      61
      61
      94
      82
      80
      80
      78
      65
      74
      74
      72
      85
      54
      84
      92
      86
      92
      61
      84
      75
      89
      78
      94
      91
      88
     112
      96
      90
      93
      95
      79
     114
     109
     106
     111
     104
      82
     107
     112
      87
     112
      81
      96
     102
      93
      98
     104
     113
     126
     116
     104
     108
     116
     116
     135
     114
     127
     125
     141
     143
     149
     121
     125
     136
     143
     149
     126
     127
     134
     120
     129
     138
     131
     133
     160
     154
     134
     131
     143
     166
     146
     162
     133
     136
     166
     139
     134
     155
     179
     151
     168
     182
     162
     160
     165
     172
     163
     152
     185
     161
     168
     171
     167
     180
     171
     172
     179
     191
     189
     183
     163
     173
     158
     162
     171
     176
     193
     185
     195
     164
     170
     189
     164
     169
     190
     183
     150
     168
     170
     169
     172
     171
     163
     162
     149
     144
     164
     176
     142
     168
     165
     160
     166
     145
     176
     176
     152
     149
     138
     143
     151
     180
     162
     151
     146
     142
     137
     141
     137
     163
     123
     118
     155
     133
     164
     130
     146
     141
     146
     136
     146
     139
     119
     133
     150
     129
     138
     137
     131
     126
     142
     100
     128
     154
     137
     119
     124
     104
     128
     108
     145
     127
     114
     123
      90
     121
     117
     141
     121
     109
     102
     130
     107
     124
     112
     109
     119
     144
     110
     107
     111
     110
      97
      94
     101
     101
     102
     110
      88
      92
     101
     126
     109
     116
     110
     119
      91
     111
     124
     119
     105
     104
     123
     108
      87
     109
     106
     103
      94
      86
     105
     116
     100
      99
     113
     121
     108
     105
      97
      94
     116
     107
     107
     107
      76
      87
     102
      95
      99
      89
     111
      95
     116
      97
     101
     111
     104
      83
     119
     109
     103
      86
      86
     106
     104
      96
      86
      85
      98
      96
      93
     109
      75
      95
      96
     102
      96
      88
      65
      70
     105
      95
      87
      84
      91
      82
      71
      98
      96
      96
      96
     103
      91
      93
     100
      88
      90
      97
      82
      87
      82
      86
      77
      97
      76
     100
      70
      75
      80
      84
      81
      90
      96
     102
      92
      89
      97
      91
      91
      76
      79
      82
      99
      83
      96
      74
      86
      88
      79
     101
      88
      70
      95
      91
      94
     102
      73
      72
      82
      78
      81
      65
      73
      75
      79
      63
      62
      82
      72
      68
      82
      84
      79
      74
      66
      66
      84
      76
      68
      53
      85
      76
      65
      84
      76
      71
      61
      66
      58
      75
      71
      79
      56
      72
      75
      78
      70
      76
      71
      77
      69
      72
      61
      69
      78
      67
      75
      50
      66
      74
      64
      61
      55
      63
      72
      69
      64
      79
      59
      42
      61
      76
      70
      72
      72
      53
      77
      67
      81
      72
      79
      67
      71
      69
      72
      66
      79
      82
      66
      82
      55
      62
      68
      64
      71
      60
      68
      88
      71
      66
      69
      71
      58
      62
      57
      66
      73
      61
      62
      64
      62
      63
      62
      68
      62
      62
      51
      76
      67
      60
      53
      63
      58
      58
      56
      65
      66
      66
      58
      47
      55
      50
      54
      62
      44
      57
      53
      52
      48
      56
      63
      46
      50
      53
      40
      55
      48
      37
      44
      52
      50
      43
      33
      39
      52
      50
      43
      51
      38
      37
      47
      35
      46
      40
      29
      25
      49
      35
      47
      50
      29
      47
      41
      37
      45
      39
      37
      36
      46
      41
      48
      41
      39
      33
      43
      50
      39
      44
      45
      38
      36
      38
      43
      47
      30
      38
      49
      34
      57
      40
      44
      37
      49
      35
      45
      44
      42
      40
      48
      43
      53
      56
      42
      61
      26
      40
      54
      44
      41
      37
      53
      30
      48
      47
      39
      35
      39
      40
      46
      49
      46
      37
      30
      60
      41
      46
      45
      54
      51
      42
      39
      37
      48
      47
      48
      36
      47
      50
      34
      39
      45
      33
      37
      42
      36
      43
      39
      55
      29
      31
      30
      39
      36
      31
      47
      29
      27
      42
      41
      36
      30
      33
      29
      32
      48
      29
      22
      33
      27
      23
      28
      27
      34
      36
      33
      37
      31
      30
      27
      26
      31
      33
      26
      30
      25
      27
      26
      32
      36
      36
      20
      30
      28
      20
      27
      27
      31
      28
      18
      31
      32
      31
      28
      21
      25
      23
      12
      22
      21
      25
      25
      24
      27
      29
      30
      31
      30
      29
      34
      31
      26
      32
      47
      38
      31
      25
      32
      30
      33
      29
      31
      36
      33
      41
      35
      42
      36
      41
      36
      41
      48
      35
      26
      31
      30
      46
      28
      27
      32
      37
      28
      39
      45
      41
      38
      34
      43
      28
      21
      35
      28
      40
      37
      32
      34
      38
      30
      27
      31
      29
      37
      42
      25
      29
      37
      28
      27
      24
      26
      23
      30
      28
      30
      27
      20
      27
      22
      24
      15
      28
      24
      26
      16
      21
      19
      24
      21
      19
      26
      23
      26
      17
      20
      19
      16
      26
      23
      10
      16
      19
      16
      22
      25
      23
      18
      16
      22
      20
      32
      14
      16
      20
      19
      16
      24
      16
      18
      22
      17
      25
      17
      19
      21
      18
      20
      25
      23
      28
      24
      31
      29
      26
      18
      28
      22
      25
      34
      34
      33
      19
      30
      40
      23
      39
      25
      31
      35
      38
      30
      28
      25
      17
      31
      29
      30
      29
      27
      45
      28
      42
      37
      40
      32
      30
      29
      38
      30
      31
      38
      43
      27
      34
      28
      29
      44
      48
      29
      26
      31
      42
      33
      41
      26
      22
      31
      39
      31
      28
      35
      26
      23
      29
      23
      33
      17
      15
      23
      16
      20
      22
      22
      20
      23
      16
      17
      18
      15
      13
      15
      12
      12
      15
      17
      14
      18
      16
      15
      18
       9
      12
       9
      17
      14
      10
      11
       9
      15
       9
      21
      12
      15
      14
      12
       9
      14
      16
      20
      11
      17
      10
      11
       6
      13
      14
      18
       7
      15
      10
      15
      13
       9
      13
      10
      13
      11
      14
      14
      11
       8
      17
      15
      15
      10
       9
      16
       8
      16
      11
      14
      15
      10
       9
       9
      16
      11
      18
      15
      13
      20
      11
       9
      14
      16
       7
      11
       9
      15
      12
      19
      12
      16
       8
       9
      11
       9
      10
      16
       6
       7
      10
      10
      10
       2
      14
       5
      15
      14
      10
       9
      10
      12
      18
       9
       8
      15
       8
       8
       7
      10
      14
      11
       6
      13
      14
      13
      15
       6
      15
      16
      11
      13
       4
      10
       9
       5
       9
      11
       8
       9
       5
       8
      12
       4
      18
      15
      10
       8
       6
      10
      11
       7
       7
       7
       3
      10
      11
      15
       5
       7
       7
      18
       8
      11
      13
      11
       8
       9
       9
      10
       7
       9
       4
       6
       6
      17
      12
       9
       7
       9
      13
       6
      10
      14
       8
      10
       8
       5
       8
       6
       4
       8
       5
       8
       5
       5
       9
       9
       8
      11
       7
       7
       2
       4
      11
      11
       0
      10
       4
       6
       6
       5
       7
       4
      11
      11
      15
      11
       9
      12
      10
       6
      11
       7
       5
       6
      11
       7
       8
       4
       8
       7
       7
       9
       9
       9
       4
       8
       9
       6
       8
       9
       6
       6
       6
       8
       6
       9
       5
       4
       8
       5
       6
       7
       8
       6
       6
       7
      11
       7
       9
       8
      10
       6
      11
       2
      10
       5
       4
       9
       3
       8
      13
       5
       6
       9
       6
       4
       6
       2
       5
       7
       8
       8
       3
       4
       9
       7
       8
       8
       9
       7
       5
       6
      10
      10
       8
       5
      10
       9
       6
       4
       5
       9
       7
       7
       4
      14
       7
      12
       7
       5
       8
       8
      10
       8
       8
       9
       8
       8
       7
       6
       9
       7
       4
       2
       5
       4
       7
      11
       2
       7
      13
       6
       9
      11
       5
       9
       5
       8
       9
       6
       4
       7
      11
       8
       2
       4
       7
      10
       7
       7
       5
       6
       8
       5
       7
       5
      10
       5
       7
       6
       5
       4
       4
       4
       3
       9
       7
       4
       7
       6
      10
       7
       5
       4
       8
      12
       6
       5
       7
       9
       4
       8
      11
      10
       6
       8
      10
       9
       9
       9
      14
      12
      14
      11
       4
      10
       6
       9
       4
       8
       9
      16
      13
       7
      13
      17
      11
      13
      11
      12
      16
      15
      14
      13
      13
      18
      13
      14
      16
      16
      18
      13
      18
      12
      12
      20
      14
      16
      14
      17
      16
      12
       7
      13
      22
      22
      11
      15
      17
      23
      17
      13
      17
      10
      18
      14
      10
      15
      10
      12
      21
      11
      13
      13
       9
      15
      11
       9
      10
      13
       4
      10
      12
      11
       8
      10
       4
      12
      10
       9
       5
       5
       9
      10
       9
       8
       6
      13
       5
       5
       3
      14
       2
      13
       5
       7
       5
       4
       6
       9
       6
       4
       2
      11
       4
       5
       2
       5
       7
       9
       3
       4
       2
       5
       3
       6
       8
       4
       5
       8
       5
       5
       9
       3
       3
       5
      12
       2
       1
       3
       5
       7
       2
      12
       6
       3
       8
       7
       2
       3
      11
       2
       4
       7
       3
       6
       3
       5
       5
       4
       7
       3
       8
       2
       4
       6
       2
       4
       5
       8
       5
       3
       4
       6
       3
      13
       6
       6
       8
       5
       8
       6
       5
       4
       6
       9
       6
       9
       7
       7
       6
       9
       3
       3
       3
       6
       3
       7
       6
       2
       9
       7
       7
       5
       7
       3
      10
       5
       3
       7
       5
       3
       3
       3
       3
       5
       8
       3
       6
       6
       7
       3
       4
       5
       5
       5
       7
       6
       1
       9
       4
       5
       7
       5
       7
       9
       8
       4
       7
       4
       3
       3
       6
       5
       2
       2
       6
       7
       5
       4
       5
       1
       5
       3
       4
       2
       3
      10
       6
       4
       5
       5
       2
       5
       7
       7
       7
       8
       0
      12
       4
       4
       6
       8
       2
       2
       6
       6
       6
       7
       6
       6
       7
       9
       6
       4
       7
       8
       7
       6
       8
       4
       5
       4
       5
       3
       8
       3
       1
       3
       3
       6
       4
       2
       7
       6
       4
      10
       8
       6
       3
       9
      10
       6
       2
       4
       6
      10
       5
       7
       6
      10
       6
       3
      10
       3
       3
       3
       8
       6
       5
       4
       2
       3
       6
      10
       8
       7
       8
       6
       5
       3
       6
       3
       5
       4
       9
       3
       4
       8
       6
       4
       3
       5
       4
       1
       3
       3
       3
       4
       7
       5
       3
       4
       3
       5
       8
       7
       8
       6
       3
       4
       5
       6
       4
       3
       5
       4
       4
       5
       3
       8
       2
       6
       5
       3
       5
       4
       7
       2
       9
       6
       2
       5
       3
       7
       4
       5
       5
       3
       3
       8
       5
       2
       3
       1
       6
       4
       6
       2
       7
       1
       4
       1
       4
       3
       4
       5
       7
       3
       3
       3
       9
       3
       4
       4
       4
       8
       4
       7
       2
       6
       7
       6
       2
       4
       7
       5
       2
       7
       4
       5
       2
       5
       5
       6
       8
       4
       2
       4
       4
       3
       3
       8
       6
       6
      10
       2
       2
       5
       7
       3
       4
       4
       3
       4
       9
       3
       7
       3
       1
       8
       5
       6
       5
       5
       6
       2
       5
       6
       4
       9
       3
       4
       6
       3
       6
       3
       6
       6
       7
       4
       6
       5
       5
       4
       5
       2
       4
       6
       6
       5
       2
       4
       1
       6
       4
       2
       5
       4
       2
       7
       4
       4
       2
       1
       3
       2
       0
       4
       3
       3
       5
       4
       3
       5
       1
       2
       3
       4
       4
       5
       7
       5
       4
       6
       5
       3
       4
       4
       9
       1
       4
       8
       8
       7
       3
       3
       6
       3
       5
       2
       2
       8
       4
       2
       6
       2
       2
       4
       2
       5
       3
       5
       3
       4
       5
       4
       2
       4
       6
       2
       5
       4
       3
       2
       1
       3
       1
       2
       2
       1
       4
       4
       2
       8
       4
       4
       4
       1
       3
       4
       5
       2
       5
       6
       3
       4
       4
       5
       7
       4
       4
       1
       1
       1
       2
       3
       6
       5
       4
       4
       3
       2
       3
       3
       2
       2
       5
       5
       0
       1
       3
       8
       3
       0
       2
       4
       2
       5
       7
       3
       7
       6
       5
       6
       4
       7
       7
       1
       1
       1
       5
       6
       6
       4
       4
       4
       2
       3
       4
       4
       1
       4
       5
       1
       5
       4
       3
       3
       4
       1
       2
       8
       3
       1
       2
       2
       4
       2
       3
       4
       3
       4
       2
       2
       4
       4
       3
       6
       2
       6
       3
       4
       5
       2
       6
       2
       9
       7
       3
       1
       3
       8
       2
       7
       5
       4
       6
       5
       5
       5
       5
       4
       8
       2
       3
       2
       4
       7
       5
       5
       3
       4
       3
       7
      11
       2
       6
       5
      10
       3
       1
       3
       5
       3
       6
       9
       4
       8
       1
       4
       7
       7
       2
       1
       5
       6
       5
       5
       8
       5
       5
       8
       6
       4
       3
       5
       6
       5
       5
       8
       2
       5
       0
       4
       3
       6
      11
       4
       6
       3
       8
       3
       2
       7
       1
       3
       2
       3
       3
       4
       5
       7
       6
       5
       4
       4
       3
       4
       4
       4
       6
       7
       2
       2
       5
       3
       0
       4
       4
       1
       3
       3
       1
       4
       3
       3
       4
       3
       4
       3
       2
       2
       3
       3
       3
       6
       6
      10
       3
       6
       3
       4
       4
       1
       4
       7
       3
       4
       7
       4
       4
       3
       2
       2
       4
       4
       3
       3
       3
       5
       3
       5
       4
       4
       5
       4
       6
       3
       3
       3
       4
       1
       3
       0
       3
       2
       4
       4
       1
       4
       5
       5
       2
       4
       4
       4
       3
       2
       3
       3
       6
       0
       3
       3
       2
       2
       2
       6
       4
       2
       1
       2
       8
       6
       3
       5
       4
       3
       5
       2
       3
       2
       4
       5
       7
       6
       0
       0
       5
       5
       1
       3
       2
       4
       3
       4
       2
       1
       2
       0
       2
       1
       2
       4
       3
       1
       1
       0
       7
       1
       0
       1
       3
       2
       6
       1
       0
       2
       3
       1
       2
       2
       0
       1
       2
       3
       1
       3
       0
       1
       1
       2
       4
       5
       3
       0
       2
       1
       0
       3
       2
       3
       2
       1
       2
       2
       1
       0
       0
       2
       2
       2
       5
       2
       2
       2
       3
       1
       2
       0
       1
       2
       0
       4
       2
       2
       2
       3
       2
       1
       2
       0
       0
       2
       3
       1
       0
       2
       3
       0
       2
       4
       1
       2
       3
       1
       0
       3
       2
       1
       3
       3
       4
       3
       3
       2
       3
       1
       4
       0
       4
       3
       3
       4
       2
       2
       0
       1
       1
       0
       0
       6
       3
       1
       3
       6
       2
       4
       2
       2
       1
       2
       2
       5
       2
       4
       2
       4
       2
       4
       2
       1
       1
       2
       3
       3
       4
       7
       2
       3
       7
       4
       3
       6
       4
       2
       6
       3
       5
       4
       8
       1
       3
       2
       3
       2
       4
       2
       3
       3
       6
       4
       5
       3
       2
       2
       2
       2
       5
       4
       1
       4
       8
       8
       6
       3
       2
       3
       1
       2
       3
       5
       4
       2
       7
       3
       3
       1
       4
       3
       3
       1
       2
       4
       1
       3
       1
       2
       4
       1
       4
       4
       2
       3
       1
       2
       3
       1
       1
       2
       2
       1
       4
       2
       0
       4
       3
       1
       1
       2
       0
       2
       4
       1
       2
       1
       1
       0
       2
       0
       2
       2
       0
       3
       3
       3
       4
       2
       0
       1
       4
       1
       0
       2
       2
       1
       1
       0
       3
       1
       2
       0
       1
       1
       1
       3
       2
       4
       0
       2
       0
       2
       1
       4
       4
       0
       0
       1
       0
       0
       3
       1
       1
       4
       2
       0
       0
       0
       1
       0
       2
       1
       2
       2
       1
       4
       0
       1
       2
       0
       2
       0
       0
       2
       0
       2
       1
       0
       1
       1
       2
       1
       2
       1
       1
       1
       2
       0
       1
       0
       0
       0
       1
       0
       0
       0
       2
       0
       0
       0
       0
       0
       1
       2
       1
       1
       0
       0
       2
       1
       1
       0
       1
       0
       0
       0
       0
       2
       0
       1
       1
       1
       2
       1
       0
       1
       1
       0
       0
       1
       1
       1
       0
       1
       0
       0
       1
       3
       1
       1
       1
       2
       0
       3
       0
       1
       1
       1
       1
       1
       0
       1
       2
       0
       0
       1
       1
       0
       1
       1
       2
       0
       1
       3
       1
       6
       0
       0
       4
       1
       1
       0
       1
       0
       3
       0
       2
       1
       2
       1
       3
       3
       1
       2
       1
       0
       5
       1
       1
       2
       0
       1
       1
       5
       1
       1
       0
       1
       0
       0
       4
       3
       3
       2
       1
       1
       0
       1
       1
       1
       2
       2
       0
       2
       2
       1
       4
       1
       0
       2
       2
       0
       0
       2
       1
       2
       0
       4
       0
       0
       3
       0
       1
       0
       1
       2
       1
       1
       2
       0
       2
       0
       0
       0
       0
       0
       2
       2
       0
       0
       0
       0
       0
       3
       3
       2
       1
       0
       1
       4
       5
       2
       1
       0
       1
       0
       1
       0
       0
       0
       1
       0
       1
       3
       1
       1
       2
       3
       1
       1
       1
       0
       3
       2
       0
       0
       5
       2
       0
       1
       1
       2
       2
       1
       1
       2
       4
       0
       0
       0
       0
       0
       0
       1
       0
       2
       1
       1
       2
       2
       2
       3
       1
       3
       1
       2
       1
       0
       3
       0
       2
       4
       2
       1
       1
       0
       2
       3
       0
       2
       2
       2
       0
       2
       4
       2
       0
       3
       2
       1
       4
       1
       1
       0
       8
       1
       0
       3
       2
       1
       2
       4
       3
       0
       5
       0
       2
       0
       1
       0
       4
       2
       3
       2
       3
       4
       0
       3
       1
       6
       1
       1
       1
       1
       2
       6
       0
       1
       4
       1
       3
       1
       2
       1
       1
       3
       1
       0
       2
       6
       2
       1
       4
       1
       2
       1
       2
       1
       3
       2
       7
       2
       5
       3
       1
       5
       2
       3
       2
       6
       3
       2
       2
       2
       3
       4
       3
       5
       0
       2
       3
       2
       3
       1
       1
       3
       1
       4
       4
       1
       2
       3
       2
       1
       1
       2
       4
       2
       1
       0
       3
       1
       1
       1
       0
       2
       3
       0
       0
       2
       2
       1
       2
       2
       2
       0
       0
       1
       1
       1
       2
       4
       3
       5
       2
       0
       2
       2
       2
       0
       3
       3
       1
       0
       0
       0
       0
       3
       1
       0
       2
       1
       4
       2
       0
       1
       4
       0
       1
       1
       4
       2
       0
       2
       0
       1
       1
       1
       1
       4
       0
       1
       1
       1
       4
       0
       2
       2
       3
       0
       2
       1
       1
       2
       2
       1
       2
       2
       1
       2
       0
       1
       1
       3
       2
       5
       3
       1
       3
       1
       1
       2
       6
       4
       2
       1
       1
       5
       3
       1
       1
       7
       2
       3
       3
       3
       2
       1
       3
       2
       1
       4
       4
       0
       2
       4
       1
       4
       1
       5
       2
       3
       3
       0
       1
       0
       3
       2
       3
       3
       1
       4
       4
       2
       2
       0
       4
       4
       2
       1
       0
       0
       2
       0
       4
       5
       0
       2
       2
       0
       5
       2
       4
       3
       1
       0
       4
       3
       1
       1
       2
       2
       1
       0
       2
       0
       3
       0
       1
       4
       2
       3
       1
       3
       1
       1
       2
       2
       2
       1
       1
       1
       3
       3
       3
       3
       4
       1
       2
       2
       1
       1
       1
       1
       4
       1
       1
       1
       1
       0
       1
       1
       0
       0
       1
       2
       2
       3
       0
       3
       3
       1
       0
       1
       0
       1
       1
       3
       1
       1
       2
       3
       0
       0
       0
       1
       1
       1
       0
       2
       0
       2
       1
       1
       0
       0
       0
       0
       0
       1
       0
       0
       0
       0
       1
       1
       0
       0
       0
       4
       1
       1
       0
       0
       0
       1
       1
       0
       2
       2
       0
       1
       1
       1
       2
       0
       2
       0
       0
       0
       1
       1
       0
       0
       1
       2
       1
       2
       0
       1
       1
       1
       0
       0
       3
       0
       1
       1
       1
       0
       0
       0
       2
       1
       1
       3
       1
       2
       0
       0
       0
       1
       3
       0
       4
       2
       2
       4
       2
       1
       1
       3
       2
       0
       2
       0
       2
       1
       2
       2
       0
       0
       1
       1
       0
       1
       0
       0
       5
       2
       0
       0
       2
       1
       1
       1
       2
       0
       1
       3
       2
       5
       4
       2
       0
       0
       0
       1
       0
       2
       1
       1
       3
       3
       1
       0
       0
       0
       2
       1
       0
       0
       2
       0
       3
       0
       0
       1
       1
       0
       1
       4
       1
       2
       1
       1
       0
       1
       0
       1
       0
       0
       1
       0
       0
       0
       0
       0
       0
       0
       0
       0
       1
       0
       1
       0
       0
       0
       0
       0
       0
       0
       0
       0
       0
       0
       0
       0
       0
       0
       0
       0
       0
       0
       0
       0
       0
       0
       0
       0
       0
       0
       0
       0
       0
       0
       0
       0
       0
       0
       0
       0
       0
       0
       0
       0
       0
       0
       0
       0
       0
       0
       0
       0
       0
       0
       0
       0
       0
       0
       0
       0
       0
       0
       0
       0
       0
       0
       0
       0
       0
       0
       0
       0
       0
       0
       0
       0
       0
       0
       0
       0
       0
       0
       0
       0
       0
       0
       0
       0
       1
       0
       0
       0
       0
       0
       0
       0
       0
       0
       0
       0
       0
       0
       0
       0
       0
       0
       0
       0
       0
       0
       0
       0
       0
       0
       1
       0
       0
       0
       0
       0
       0
       0
       0
       0
       0
       0
       0
       0
       0
       0
       0
       0
       0
       0
       0
       0
       0
       0
       0
       0
       0
       0
       0
       0
       0
       0
       0
       0
       0
       0
       0
       0
       0
       0
       0
       0
       0
       0
       0
       0
       0
       0
       0
       0
       0
       0
       0
       0
       0
       0
       0
       0
       0
       0
       0
       0
       0
       0
       0
       0
       0
       0
       0
       0
       1
       0
       0
       0
       0
       0
       0
       0
       0
       0
       0
       0
       0
       0
       0
       0
       1
       0
       0
       0
       0
       0
       0
       0
       0
       0
       0
       0
       0
       0
       0
       0
       0
       0
       0
       0
       0
       0
       0
       0
       0
       0
       1
       0
       0
       0
       0
       0
       0
       0
       0
       0
       0
       0
       0
       0
       0
       0
       0
       0
       0
       0
       0
       0
       0
       0
       0
       0
       0
       0
       0
       0
       0
       0
       0
       0
       0
       1
       0
       0
       0
       0
       0
       0
       0
       0
       0
       1
       0
       0
       0
       0
       0
       0
       0
       0
       0
       0
       0
       0
       0
       0
       0
       0
       0
       0
       0
       0
       0
       0
       0
       0
       0
       0
       0
       0
       0
       0
       0
       0
       0
       0
       0
       0
       0
       0
       0
       0
       0
       0
       0
       0
       0
       0
       0
       0
       0
       0
       0
       0
       0
       0
       0
       0
       0
       0
       0
       0
       0
       0
       0
       0
       0
       0
       0
       0
       0
       0
       0
       0
       0
       0
       0
       0
       0
       0
       0
       0
       0
       0
       0
       1
       0
       0
       0
       0
       0
       1
       0
       0
       0
       0
       0
       0
       0
       0
       0
       0
       0
       0
       0
       0
       0
       0
       0
       0
       0
       0
       0
       0
       0
       0
       0
       0
       0
       0
       0
       0
       0
       0
       0
       0
       0
       0
       0
       0
       0
       0
       0
       0
       0
       0
       0
       0
       0
       0
       0
       1
       0
       0
       0
       0
       0
       0
       0
       0
       0
       0
       0
       0
       0
       0
       0
       0
       0
       0
       0
       0
       0
       0
       0
       0
       0
       0
       0
       0
       0
       0
       0
       0
       0
       0
       0
       0
       0
       0
       0
       0
       0
       0
       0
       0
       0
       0
       0
       0
       0
       0
       0
       0
       0
       0
       0
       0
       0
       0
       0
       0
       0
       0
       0
       0
       0
       0
       0
       0
       0
       0
       0
       0
       0
       0
       0
       0
       0
       0
       0
       0
       0
       0
       0
       0
       0
       0
       0
       1
       0
       0
       0
       0
       0
       0
       0
       0
       0
       0
       0
       0
       0
       0
       0
       0
       0
       1
       0
       0
       0
       0
       1
       0
       0
       0
       0
       0
       0
       0
       0
       1
       0
       0
       0
       0
       0
       0
       0
       0
       0
       0
       0
       1
       0
       0
       0
       0
       0
       0
       0
       0
       0
       0
       0
       0
       0
       0
       0
       0
       0
       0
       0
       0
       0
       0
       0
       0
       0
       0
       0
       0
       0
       0
       0
       0
       0
       0
       0
       0
       0
       0
       0
       0
       0
       0
       0
       0
       0
       0
       0
       0
       0
       0
       0
       0
       0
       0
       0
       0
       0
       0
       0
       0
       0
       0
       0
       0
       0
       0
       0
       0
       0
       0
       0
       0
       0
       0
       0
       0
       0
       0
       0
       1
       0
       0
       0
       0
       0
       0
       0
       0
       0
       0
       0
       0
       0
       0
       0
       0
       0
       0
       0
       0
       0
       0
       0
       0
       0
       0
       0
       0
       0
       0
       0
       0
       0
       0
       0
       0
       0
       0
       0
       0
       0
       0
       0
       0
       0
       0
       0
       0
       0
       0
       0
       0
       0
       0
       0
       0
       0
       0
       0
       0
       0
       0
       0
       0
       0
       0
       0
       0
       0
       0
       0
       0
       0
       0
       0
       0
       0
       0
       0
       0
       0
       0
       0
       0
       0
       0
       0
       0
       0
       0
       0
       0
       0
       0
       0
       0
       0
       0
       0
       0
       0
       0
       0
       0
       0
       0
       0
       0
       0
       0
       0
       0
       0
       1
       0
       0
       0
       0
       0
       0
       0
       0
       0
       0
       0
       0
       0
       0
       0
       0
       0
       0
       0
       0
       0
       0
       0
       0
       0
       0
       0
       0
       0
       0
       0
       0
       1
       0
       0
       0
       0
       0
       0
       0
       0
       0
       0
       0
       0
       0
       0
       0
       0
       0
       0
       0
       0
       0
       0
       0
       0
       0
       0
       0
       0
       0
       0
       0
       0
       0
       0
       0
       0
       0
       0
       0
       0
       0
       0
       0
       0
       0
       0
       0
       0
       0
       0
       1
       1
       0
       0
       0
       0
       0
       0
       0
       0
       0
       0
       0
       0
       0
       0
       0
       0
       0
       0
       0
       0
       0
       1
       0
       0
       0
       0
       0
       0
       0
       0
       0
       0
       1
       0
       0
       0
       0
       0
       0
       0
       0
       0
       0
       0
       0
       0
       0
       0
       0
       0
       0
       0
       0
       0
       0
       0
       0
       0
       0
       0
       0
       0
       0
       0
       0
       0
       0
       1
       0
       0
       0
       0
       0
       0
       0
       0
       0
       0
       0
       0
       0
       0
       0
       0
       0
       0
       0
       0
       0
       0
       0
       0
       0
       0
       0
       0
       0
       0
       0
       0
       0
       0
       0
       0
       0
       0
       0
       0
       1
       0
       0
       0
       0
       0
       0
       0
       0
       0
       0
       1
       0
       0
       0
       0
       0
       0
       0
       0
       0
       0
       0
       0
       0
       1
       0
       0
       0
       0
       0
       0
       0
       0
       0
       0
       0
       0
       0
       0
       0
       0
       0
       0
       0
       0
       0
       0
       0
       0
       0
       0
       0
       0
       0
       0
       0
       0
       0
       0
       0
       0
       0
       0
       0
       0
       0
       0
       0
       0
       0
       0
       0
       0
       0
       0
       0
       0
       0
       0
       0
       0
       0
       0
       0
       0
       0
       0
       0
       0
       0
       0
       0
       0
       0
       0
       0
       0
       0
       0
       0
       0
       0
       0
       0
       0
       0
       0
       0
       0
       0
       0
       0
       0
       0
       0
       0
       0
       0
       0
       0
       0
       0
       0
       0
       0
       0
       0
       0
       0
       0
       0
       0
       0
       0
       0
       0
       0
       0
       1
       0
       0
       0
       0
       0
       0
       0
       0
       0
       0
       0
       0
       0
       0
       0
       0
       0
       0
       0
       0
       1
       0
       0
       1
       0
       0
       0
       0
       0
       0
       0
       0
       0
       0
       0
       0
       0
       0
       0
       0
       1
       0
       0
       1
       0
       0
       0
       0
       0
       0
       0
       0
       0
       0
       1
       0
       0
       0
       0
       0
       0
       0
       0
       0
       0
       0
       0
       0
       0
       0
       0
       0
       0
       0
       0
       0
       0
       0
       0
       1
       0
       0
       1
       0
       0
       0
       0
       0
       0
       0
       0
       0
       0
       0
       0
       0
       0
       0
       0
       0
       0
       0
       0
       0
       0
       0
       0
       0
       0
       0
       0
       0
       0
       0
       0
       0
       0
       0
       0
       0
       0
       0
       0
       0
       0
       0
       0
       0
       0
       0
       0
       0
       0
       0
       0
       0
       0
       0
       0
       0
       0
       0
       0
       0
       0
       0
       1
       0
       0
       0
       0
       0
       0
       0
       0
       0
       0
       0
       0
       0
       0
       0
       0
       0
       0
       0
       0
       0
       0
       0
       0
       0
       0
       1
       0
       0
       0
       0
       0
       0
       0
       0
       0
       0
       0
       0
       0
       0
       0
       0
       0
       0
       0
       0
       0
       0
       0
       0
       0
       0
       0
       0
       0
       0
       0
       0
       0
       0
       0
       0
       0
       0
       0
       0
       0
       0
       0
       0
       0
       0
       0
       0
       0
       1
       0
       0
       0
       0
       1
       0
       0
       0
       0
       0
       0
       0
       0
       0
       0
       0
       1
       0
       0
       1
       0
       0
       0
       0
       0
       0
       0
       0
       0
       0
       0
       0
       0
       0
       0
       0
       0
       0
       0
       0
       0
       0
       0
       0
       0
       0
       0
       0
       0
       0
       0
       0
       0
       0
       0
       0
       0
       0
       0
       0
       0
       0
       0
       0
       0
       0
       0
       0
       0
       0
       0
       0
       0
       1
       0
       0
       0
       0
       0
       0
       0
       0
       0
       0
       0
       0
       0
       0
       0
       0
       0
       0
       0
       0
       0
       1
       0
       0
       0
       0
       0
       0
       0
       0
       0
       0
       0
       0
       0
       0
       0
       0
       0
       0
       0
       0
       0
       0
       1
       0
       0
       0
       0
       0
       0
       0
       0
       0
       0
       0
       0
       0
       0
       0
       0
       0
       0
       0
       0
       0
       1
       0
       0
       0
       0
       0
       0
       0
       0
       1
       0
       0
       0
       0
       1
       0
       0
       0
       0
       0
       0
       0
       0
       0
       0
       0
       0
       0
       0
       0
       0
       0
       0
       1
       0
       0
       0
       0
       0
       0
       0
       0
       0
       0
       1
       0
       0
       0
       0
       0
       0
       0
       1
       0
       0
       0
       0
       0
       0
       0
       0
       0
       0
       0
       0
       0
       0
       1
       0
       0
       0
       0
       0
       0
       0
       0
       0
       0
       0
       0
       0
       0
       1
       0
       0
       0
       0
       0
       0
       0
       0
       0
       0
       0
       0
       1
       0
       0
       0
       0
       1
       0
       0
       1
       0
       0
       0
       0
       0
       0
       0
       0
       0
       0
       0
       0
       0
       0
       0
       0
       0
       0
       0
       0
       0
       0
       1
       0
       0
       0
       0
       1
       0
       0
       0
       0
       0
       0
       0
       0
       0
       1
       0
       0
       0
       0
       0
       0
       0
       1
       1
       0
       0
       0
       0
       0
       1
       0
       0
       0
       0
       0
       0
       0
       0
       0
       1
       0
       0
       0
       0
       0
       0
       2
       0
       0
       0
       1
       0
       0
       0
       0
       0
       0
       0
       0
       0
       0
       0
       0
       0
       1
       0
       1
       0
       0
       1
       1
       0
       0
       0
       0
       0
       1
       0
       0
       0
       0
       0
       0
       0
       0
       0
       0
       1
       0
       0
       0
       0
       0
       0
       0
       0
       1
       0
       0
       0
       1
       0
       0
       1
       1
       0
       0
       0
       0
       0
       0
       0
       0
       0
       0
       0
       0
       0
       1
       0
       0
       0
       0
       1
       0
       0
       0
       0
       0
       0
       0
       0
       0
       0
       0
       0
       0
       0
       0
       0
       0
       0
       1
       0
       1
       0
       0
       0
       0
       0
       0
       0
       0
       0
       0
       0
       0
       0
       0
       0
       0
       0
       0
       1
       0
       0
       0
       0
       0
       0
       0
       0
       0
       0
       1
       0
       0
       0
       0
       0
       1
       0
       0
       0
       0
       0
       0
       0
       0
       1
       0
       0
       0
       0
       0
       0
       0
       0
       0
       0
       0
       0
       0
       0
       0
       0
       0
       0
       0
       0
       0
       0
       0
       0
       1
       0
       0
       0
       0
       0
       0
       0
       0
       0
       0
       0
       0
       0
       0
       0
       0
       0
       0
       0
       0
       0
       0
       0
       0
       1
       0
       0
       0
       0
       0
       0
       1
       0
       0
       0
       0
       0
       0
       0
       0
       0
       0
       0
       0
       0
       0
       0
       0
       0
       0
       0
       0
       0
       0
       0
       0
       0
       0
       0
       0
       0
       0
       0
       0
       0
       0
       0
       0
       0
       0
       0
       0
       0
       0
       0
       0
       0
       0
       0
       0
       0
       0
       0
       0
       0
       0
       0
       0
       0
       0
       0
       0
       0
       0
       0
       0
       0
       0
       0
       0
       0
       0
       0
       0
       0
       0
       0
       0
       0
       0
       0
       0
       0
       0
       0
       0
       0
       0
       0
       0
       0
       0
       0
       0
       0
       0
       0
       0
       0
       0
       0
       0
       0
       0
       0
       0
       0
       0
       0
       0
       0
       0
       0
       0
       0
       0
       0
       0
       0
       0
       0
       0
       0
       0
       0
       0
       0
       0
       0
       0
       0
       1
       0
       0
       0
       0
       0
       0
       0
       0
       0
       0
       0
       0
       0
       0
       0
       0
       0
       0
       0
       0
       0
       0
       0
       0
       0
       0
       0
       0
       0
       0
       0
       0
       0
       0
       0
       0
       0
       0
       0
       0
       0
       0
       0
       0
       0
       0
       0
       0
       0
       0
       0
       0
       0
       0
       0
       0
       0
       0
       0
       0
       0
       0
       0
       0
       0
       0
       0
       0
       0
       0
       0
       0
       0
       0
       0
       0
       0
       0
       0
       0
       0
       0
       0
       0
       0
       0
       0
       0
       0
       0
       0
       0
       0
       0
       0
       0
       0
       0
       0
       0
       0
       0
       0
       0
       0
       0
       0
       0
       0
       0
       0
       0
       0
       0
       0
       0
       0
       0
       0
       0
       0
       0
       0
       0
       0
       0
       0
       0
       0
       0
       0
       0
       0
       0
       0
       0
       0
       0
       0
       0
       0
       0
       0
       0
       0
       0
       0
       0
       0
       0
       0
       0
       0
       0
       0
       0
       0
       0
       0
       0
       0
       0
       0
       0
       0
       0
       0
       0
       0
       0
       0
       0
       0
       0
       0
       0
       0
       0
       0
       0
       0
       0
       0
       0
       0
       0
       0
       0
       0
       0
       0
       0
       0
       0
       0
       0
       0
       0
       0
       0
       0
       0
       0
       0
       0
       0
       0
       0
       0
       0
       0
       0
       0
       0
       0
       0
       0
       0
       0
       0
       0
       0
       0
       0
       0
       0
       0
       0
       0
       0
       0
       0
       0
       0
       0
       0
       0
       0
       0
       0
       0
       0
       0
       0
       0
       0
       0
       0
       0
       0
       0
       0
       0
       0
       0
       0
       0
       0
       0
       0
       0
       0
       0
       0
       0
       0
       0
       0
       0
       0
       0
       0
       0
       0
       0
       0
       0
       0
       0
       0
       0
       0
       0
       0
       0
       0
       0
       0
       0
       0
       0
       0
       0
       0
       0
       0
       0
       0
       0
       0
       0
       0
       0
       0
       0
       0
       0
       0
       0
       0
       0
       0
       0
       0
       0
       0
       0
       0
       0
       0
       0
       0
       0
       0
       0
       0
       0
       0
       0
       0
       0
       0
       0
       0
       0
       0
       0
       0
       0
       0
       0
       0
       0
       0
       0
       0
       0
       0
       0
       0
       0
       0
       0
       0
       0
       0
       0
       0
       0
       0
       0
       0
       0
       0
       0
       0
       0
       0
       0
       0
       0
       0
       0
       0
       0
       0
       0
       0
       0
       0
       0
       0
       0
       0
       0
       0
       0
       0
       0
       0
       0
       0
       0
       0
       0
       0
       0
       0
       0
       0
       0
       0
       0
       0
       0
       0
       0
       0
       0
       0
       0
       0
       0
       0
       0
       0
       0
       0
       0
       0
       0
       0
       0
       0
       0
       0
       0
       0
       0
       0
       0
       0
       0
       0
       0
       0
       0
       0
       0
       0
       0
       0
       0
       0
       0
       0
       0
       0
       0
       0
       0
       0
       0
       0
       0
       0
       0
       0
       0
       0
       0
       0
       0
       0
       0
       0
       0
       0
       0
       0
       0
       0
       0
       0
       0
       0
       0
       0
       0
       0
       0
       0
       0
       0
       0
       0
       0
       0
       0
       0
       0
       0
       0
       0
       0
       0
       0
       0
       0
       0
       0
       0
       0
       0
       0
       0
       0
       0
       0
       0
       0
       0
       0
       0
       0
       0
       0
       0
       0
       0
       0
       0
       0
       0
       0
       0
       0
       0
       0
       0
       0
       0
       0
       0
       0
       0
       0
       0
       0
       0
       0
       0
       0
       0
       0
       0
       0
       0
       0
       0
       0
       0
       0
       0
       0
       0
       0
       0
       0
       0
       0
       0
       0
       0
       0
       0
       0
       0
       0
       0
       0
       0
       0
       0
       0
       0
       0
       0
       0
       0
       0
       0
       0
       0
       0
       0
       0
       0
       0
       0
       0
       0
       0
       0
       0
       0
       0
       0
       0
       0
       0
       0
       0
       0
       0
       0
       0
       0
       0
       0
       0
       0
       0
       0
       0
       0
       0
       0
       0
       0
       0
       0
       0
       0
       0
       0
       0
       0
       0
       0
       0
       0
       0
       0
       0
       0
       0
       0
       0
       0
       0
       0
       0
       0
       0
       0
       0
       0
       0
       0
       0
       0
       0
       0
       0
       0
       0
       0
       0
       0
       0
       0
       0
       0
       0
       0
       0
       0
       0
       0
       0
       0
       0
       0
       0
       0
       0
       0
       0
       0
       0
       0
       0
       0
       0
       0
       0
       0
       0
       0
       0
       0
       0
       0
       0
       0
       0
       0
       0
       0
       0
       0
       0
       0
       0
       0
       0
       0
       0
       0
       0
       0
       0
       0
       0
       0
       0
       0
       0
       0
       0
       0
       0
       0
       0
       0
       0
       0
       0
       0
       0
       0
       0
       0
       0
       0
       0
       0
       0
       0
       0
       0
       0
       0
       0
       0
       0
       0
       0
       0
       0
       0
       0
       0
       0
       0
       0
       0
       0
       0
       0
       0
       0
       0
       0
       0
       0
       0
       0
       0
       0
       0
       0
       0
       0
       0
       0
       0
       0
       0
       0
       0
       0
       0
       0
       0
       0
       0
       0
       0
       0
       0
       0
       0
       0
       0
       0
       0
       0
       0
       0
       0
       0
       0
       0
       0
       0
       0
       0
       0
       0
       0
       0
       0
       0
       0
       0
       0
       0
       0
       0
       0
       0
       0
       0
       0
       0
       0
       0
       0
       0
       0
       0
       0
       0
       0
       0
       0
       0
       0
       0
       0
       0
       0
       0
       0
       0
       0
       0
       0
       0
       0
       0
       0
       0
       0
       0
       0
       0
       0
       0
       0
       0
       0
       0
       0
       0
       0
       0
       0
       0
       0
       0
       0
       0
       0
       0
       0
       0
       0
       0
       0
       0
       0
       0
       0
       0
       0
       0
       0
       0
       0
       0
       0
       0
       0
       0
       0
       0
       0
       0
       0
       0
       0
       0
       0
       0
       0
       0
       0
       0
       0
       0
       0
       0
       0
       0
       0
       0
       0
       0
       0
       0
       0
       0
       0
       0
       0
       0
       0
       0
       0
       0
       0
       0
       0
       0
       0
       0
       0
       0
       0
       0
       0
       0
       0
       0
       0
       0
       0
       0
       0
       0
       0
       0
       0
       0
       0
       0
       0
       0
       0
       0
       0
       0
       0
       0
       0
       0
       0
       0
       0
       0
       0
       0
       0
       0
       0
       0
       0
       0
       0
       0
       0
       0
       0
       0
       0
       0
       0
       0
       0
       0
       0
       0
       0
       0
       0
       0
       0
       0
       0
       0
       0
       0
       0
       0
       0
       0
       0
       0
       0
       0
       0
       0
       0
       0
       0
       0
       0
       0
       0
       0
       0
       0
       0
       0
       0
       0
       0
       0
       0
       0
       0
       0
       0
       0
       0
       0
       0
       0
       0
       0
       0
       0
       0
       0
       0
       0
       0
       0
       0
       0
       0
       0
       0
       0
       0
       0
       0
       0
       0
       0
       0
       0
       0
       0
       0
       0
       0
       0
       0
       0
       0
       0
       0
       0
       0
       0
       0
       0
       0
       0
       0
       0
       0
       0
       0
       0
       0
       0
       0
       0
       0
       0
       0
       0
       0
       0
       0
       0
       0
       0
       0
       0
       0
       0
       0
       0
       0
       0
       0
       0
       0
       0
       0
       0
       0
       0
       0
       0
       0
       0
       0
       0
       0
       0
       0
       0
       0
       0
       0
       0
       0
       0
       0
       0
       0
       0
       0
       0
       0
       0
       0
       0
       0
       0
       0
       0
       0
       0
       0
       0
       0
       0
       0
       0
       0
       0
       0
       0
       0
       0
       0
       0
       0
       0
       0
       0
       0
       0
       0
       0
       0
       0
       0
       0
       0
       0
       0
       0
       0
       0
       0
       0
       0
       0
       0
       0
       0
       0
       0
       0
       0
       0
       0
       0
       0
       0
       0
       0
       0
       0
       0
       0
       0
       0
       0
       0
       0
       0
       0
       0
       0
       0
       0
       0
       0
       0
       0
       0
       0
       0
       0
       0
       0
       0
       0
       0
       0
       0
       0
       0
       0
       0
       0
       0
       0
       0
       0
       0
       0
       0
       0
       0
       0
       0
       0
       0
       0
       0
       0
       0
       0
       0
       0
       0
       0
       0
       0
       0
       0
       0
       0
       0
       0
       0
       0
       0
       0
       0
       0
       0
       0
       0
       0
       0
       0
       0
       0
       0
       0
       0
       0
       0
       0
       0
       0
       0
       0
       0
       0
       0
       0
       0
       0
       0
       0
       0
       0
       0
       0
       0
       0
       0
       0
       0
       0
       0
       0
       0
       0
       0
       0
       0
       0
       0
       0
       0
       0
       0
       0
       0
       0
       0
       0
       0
       0
       0
       0
       0
       0
       0
       0
       0
       0
       0
       0
       0
       0
       0
       0
       0
       0
       0
       0
       0
       0
       0
       0
       0
       0
       0
       0
       0
       0
       0
       0
       0
       0
       0
       0
       0
       0
       0
       0
       0
       0
       0
       0
       0
       0
       0
       0
       0
       0
       0
       0
       0
       0
       0
       0
       0
       0
       0
       0
       0
       0
       0
       0
       0
       0
       0
       0
       0
       0
       0
       0
       0
       0
       0
       0
       0
       0
       0
       0
       0
       0
       0
       0
       0
       0
       0
       0
       0
       0
       0
       0
       0
       0
       0
       0
       0
       0
       0
       0
       0
       0
       0
       0
       0
       0
       0
       0
       0
       0
       0
       0
       0
       0
       0
       0
       0
       0
       0
       0
       0
       0
       0
       0
       0
       0
       0
       0
       0
       0
       0
       0
       0
       0
       0
       0
       0
       0
       0
       0
       0
       0
       0
       0
       0
       0
       0
       0
       0
       0
       0
       0
       0
       0
       0
       0
       0
       0
       0
       0
       0
       0
       0
       0
       0
       0
       0
       0
       0
       0
       0
       0
       0
       0
       0
       0
       0
       0
       0
       0
       0
       0
       0
       0
       0
       0
       0
       0
       0
       0
       0
       0
       0
       0
       0
       0
       0
       0
       0
       0
       0
       0
       0
       0
       0
       0
       0
       0
       0
       0
       0
       0
       0
       0
       0
       0
       0
       0
       0
       0
       0
       0
       0
       0
       0
       0
       0
       0
       0
       0
       0
       0
       0
       0
       0
       0
       0
       0
       0
       0
       0
       0
       0
       0
       0
       0
       0
       0
       0
       0
       0
       0
       0
       0
       0
       0
       0
       0
       0
       0
       0
       0
       0
       0
       0
       0
       0
       0
       0
       0
       0
       0
       0
       0
       0
       0
       0
       0
       0
       0
       0
       0
       0
       0
       0
       0
       0
       0
       0
       0
       0
       0
       0
       0
       0
       0
       0
       0
       0
       0
       0
       0
       0
       0
       0
       0
       0
       0
       0
       0
       0
       0
       0
       0
       0
       0
       0
       0
       0
       0
       0
       0
       0
       0
       0
       0
       0
       0
       0
       0
       0
       0
       0
       0
       0
       0
       0
       0
       0
       0
       0
       0
       0
       0
       0
       0
       0
       0
       0
       0
       0
       0
       0
       0
       0
       0
       0
       0
       0
       0
       0
       0
       0
       0
       0
       0
       0
       0
       0
       0
       0
       0
       0
       0
       0
       0
       0
       0
       0
       0
       0
       0
       0
       0
       0
       0
       0
       0
       0
       0
       0
       0
       0
       0
       0
       0
       0
       0
       0
       0
       0
       0
       0
       0
       0
       0
       0
       0
       0
       0
       0
       0
       0
       0
       0
       0
       0
       0
       0
       0
       0
       0
       0
       0
       0
       0
       0
       0
       0
       0
       0
       0
       0
       0
       0
       0
       0
       0
       0
       0
       0
       0
       0
       0
       0
       0
       0
       0
       0
       0
       0
       0
       0
       0
       0
       0
       0
       0
       0
       0
       0
       0
       0
       0
       0
       0
       0
       0
       0
       0
       0
       0
       0
       0
       0
       0
       0
       0
       0
       0
       0
       0
       0
       0
       0
       0
       0
       0
       0
       0
       0
       0
       0
       0
       0
       0
       0
       0
       0
       0
       0
       0
       0
       0
       0
       0
       0
       0
       0
       0
       0
       0
       0
       0
       0
       0
       0
       0
       0
       0
       0
       0
       0
       0
       0
       0
       0
       0
       0
       0
       0
       0
       0
       0
       0
       0
       0
       0
       0
       0
       0
       0
       0
       0
       0
       0
       0
       0
       0
       0
       0
       0
       0
       0
       0
       0
       0
       0
       0
       0
       0
       0
       0
       0
       0
       0
       0
       0
       0
       0
       0
       0
       0
       0
       0
       0
       0
       0
       0
       0
       0
       0
       0
       0
       0
       0
       0
       0
       0
       0
       0
       0
       0
       0
       0
       0
       0
       0
       0
       0
       0
       0
       0
       0
       0
       0
       0
       0
       0
       0
       0
       0
       0
       0
       0
       0
       0
       0
       0
       0
       0
       0
       0
       0
       0
       0
       0
       0
       0
       0
       0
       0
       0
       0
       0
       0
       0
       0
       0
       0
       0
       0
       0
       0
       0
       0
       0
       0
       0
       0
       0
       0
       0
       0
       0
       0
       0
       0
       0
       0
       0
       0
       0
       0
       0
       0
       0
       0
       0
       0
       0
       0
       0
       0
       0
       0
       0
       0
       0
       0
       0
       0
       0
       0
       0
       0
       0
       0
       0
       0
       0
       0
       0
       0
       0
       0
       0
       0
       0
       0
       0
       0
       0
       0
       0
       0
       0
       0
       0
       0
       0
       0
       0
       0
       0
       0
       0
       0
       0
       0
       0
       0
       0
       0
       0
       0
       0
       0
       0
       0
       0
       0
       0
       0
       0
       0
       0
       0
       0
       0
       0
       0
       0
       0
       0
       0
       0
       0
       0
       0
       0
       0
       0
       0
       0
       0
       0
       0
       0
       0
       0
       0
       0
       0
       0
       0
       0
       0
       0
       0
       0
       0
       0
       0
       0
       0
       0
       0
       0
       0
       0
       0
       0
       0
       0
       0
       0
       0
       0
       0
       0
       0
       0
       0
       0
       0
       0
       0
       0
       0
       0
       0
       0
       0
       0
       0
       0
       0
       0
       0
       0
       0
       0
       0
       0
       0
       0
       0
       0
       0
       0
       0
       0
       0
       0
       0
       0
       0
       0
       0
       0
       0
       0
       0
       0
       0
       0
       0
       0
       0
       0
       0
       0
       0
       0
       0
       0
       0
       0
       0
       0
       0
       0
       0
       0
       0
       0
       0
       0
       0
       0
       0
       0
       0
       0
       0
       0
       0
       0
       0
       0
       0
       0
       0
       0
       0
       0
       0
       0
       0
       0
       0
       0
       0
       0
       0
       0
       0
       0
       0
       0
       0
       0
       0
       0
       0
       0
       0
       0
       0
       0
       0
       0
       0
       0
       0
       0
       0
       0
       0
       0
       0
       0
       0
       0
       0
       0
       0
       0
       0
       0
       0
       0
       0
       0
       0
       0
       0
       0
       0
       0
       0
       0
       0
       0
       0
       0
       0
       0
       0
       0
       0
       0
       0
       0
       0
       0
       0
       0
       0
       0
       0
       0
       0
       0
       0
       0
       0
       0
       0
       0
       0
       0
       0
       0
       0
       0
       0
       0
       0
       0
       0
       0
       0
       0
       0
       0
       0
       0
       0
       0
       0
       0
       0
       0
       0
       0
       0
       0
       0
       0
       0
       0
       0
       0
       0
       0
       0
       0
       0
       0
       0
       0
       0
       0
       0
       0
       0
       0
       0
       0
       0
       0
       0
       0
       0
       0
       0
       0
       0
       0
       0
       0
       0
       0
       0
       0
       0
       0
       0
       0
       0
       0
       0
       0
       0
       0
       0
       0
       0
       0
       0
       0
       0
       0
       0
       0
       0
       0
       0
       0
       0
       0
       0
       0
       0
       0
       0
       0
       0
       0
       0
       0
       0
       0
       0
       0
       0
       0
       0
       0
       0
       0
       0
       0
       0
       0
       0
       0
       0
       0
       0
       0
       0
       0
       0
       0
       0
       0
       0
       0
       0
       0
       0
       0
       0
       0
       0
       0
       0
       0
       0
       0
       0
       0
       0
       0
       0
       0
       0
       0
       0
       0
       0
       0
       0
       0
       0
       0
       0
       0
       0
       0
       0
       0
       0
       0
       0
       0
       0
       0
       0
       0
       0
       0
       0
       0
       0
       0
       0
       0
       0
       0
       0
       0
       0
       0
       0
       0
       0
       0
       0
       0
       0
       0
       0
       0
       0
       0
       0
       0
       0
       0
       0
       0
       0
       0
       0
       0
       0
       0
       0
       0
       0
       0
       0
       0
       0
       0
       0
       0
       0
       0
       0
       0
       0
       0
       0
       0
       0
       0
       0
       0
       0
       0
       0
       0
       0
       0
       0
       0
       0
       0
       0
       0
       0
       0
       0
       0
       0
       0
       0
       0
       0
       0
       0
       0
       0
       0
       0
       0
       0
       0
       0
       0
       0
       0
       0
       0
       0
       0
       0
       0
       0
       0
       0
       0
       0
       0
       0
       0
       0
       0
       0
       0
       0
       0
       0
       0
       0
       0
       0
       0
       0
       0
       0
       0
       0
       0
       0
       0
       0
       0
       0
       0
       0
       0
       0
       0
       0
       0
       0
       0
       0
       0
       0
       0
       0
       0
       0
       0
       0
       0
       0
       0
       0
       0
       0
       0
       0
       0
       0
       0
       0
       0
       0
       0
       0
       0
       0
       0
       0
       0
       0
       0
       0
       0
       0
       0
       0
       0
       0
       0
       0
       0
       0
       0
       0
       0
       0
       0
       0
       0
       0
       0
       0
       0
       0
       0
       0
       0
       0
       0
       0
       0
       0
       0
       0
       0
       0
       0
       0
       0
       0
       0
       0
       0
       0
       0
       0
       0
       0
       0
       0
       0
       0
       0
       0
       0
       0
       0
       0
       0
       0
       0
       0
       0
       0
       0
       0
       0
       0
       0
       0
       0
       0
       0
       0
       0
       0
       0
       0
       0
       0
       0
       0
       0
       0
       0
       0
       0
       0
       0
       0
       0
       0
       0
       0
       0
       0
       0
       0
       0
       0
       0
       0
       0
       0
       0
       0
       0
       0
       0
       0
       0
       0
       0
       0
       0
       0
       0
       0
       0
       0
       0
       0
       0
       0
       0
       0
       0
       0
       0
       0
       0
       0
       0
       0
       0
       0
       0
       0
       0
       0
       0
       0
       0
       0
       0
       0
       0
       0
       0
       0
       0
       0
       0
       0
       0
       0
       0
       0
       0
       0
       0
       0
       0
       0
       0
       0
       0
       0
       0
       0
       0
       0
       0
       0
       0
       0
       0
       0
       0
       0
       0
       0
       0
       0
       0
       0
       0
       0
       0
       0
       0
       0
       0
       0
       0
       0
       0
       0
       0
       0
       0
       0
       0
       0
       0
       0
       0
       0
       0
       0
       0
       0
       0
       0
       0
       0
       0
       0
       0