sample1
       0
       0
       0
       0
       0
       0
       0
       0
       0
       0
       0
       0
       0
       0
       0
       0
       0
       0
       0
       0
       0
       0
       0
       0
       0
       0
       0
       0
       0
       0
       0
       0
       0
       0
       0
       0
       0
       0
       0
       0
       0
       0
       0
       0
       0
       0
       0
       0
       0
       0
       0
       0
       0
       0
       0
       0
       0
       0
       0
       0
       0
       0
       0
       0
       0
       0
       0
       0
       0
       0
       0
       0
       0
       0
       0
       0
       0
       4
       4
      14
     124
     345
     339
     367
     297
     322
     326
     325
     302
     364
     319
     310
     341
     289
     313
     299
     317
     327
     336
     358
     362
     366
     352
     386
     359
     395
     412
     381
     456
     453
     460
     443
     459
     457
     530
     528
     545
     581
     633
     659
     645
     683
     756
     767
     804
     902
     912
     986
     997
    1098
    1102
    1139
    1285
    1319
    1397
    1506
    1580
    1580
    1714
    1808
    1914
    2025
    2097
    2327
    2364
    2520
    2652
    2764
    2711
    2899
    3035
    3277
    3256
    3406
    3572
    3597
    3831
    3907
    3956
    4052
    4049
    4407
    4415
    4341
    4535
    4645
    4755
    4617
    4825
    4684
    4737
    4807
    4770
    4687
    4871
    4672
    4614
    4633
    4574
    4707
    4439
    4294
    4345
    4180
    4155
    4127
    4000
    3831
    3747
    3652
    3515
    3352
    3268
    3060
    3078
    3008
    2760
    2779
    2591
    2441
    2346
    2271
    2189
    2057
    1907
    1834
    1836
    1778
    1589
    1496
    1504
    1344
    1295
    1179
    1144
    1055
     960
     979
     861
     847
     777
     765
     695
     696
     655
     658
     585
     599
     542
     504
     474
     478
     427
     441
     397
     407
     362
     368
     355
     348
     336
     315
     293
     334
     296
     290
     307
     312
     285
     266
     257
     315
     307
     264
     302
     298
     293
     289
     293
     299
     310
     294
     287
     287
     292
     274
     291
     273
     299
     301
     278
     336
     303
     317
     302
     353
     328
     332
     323
     330
     322
     323
     327
     333
     301
     338
     350
     328
     363
     354
     360
     378
     365
     382
     348
     393
     372
     439
     378
     418
     426
     418
     395
     417
     424
     427
     450
     472
     459
     434
     444
     493
     457
     451
     500
     489
     503
     449
     466
     527
     516
     517
     491
     544
     555
     527
     599
     563
     525
     532
     602
     575
     625
     566
     565
     599
     609
     586
     565
     608
     581
     617
     608
     628
     607
     574
     594
     601
     597
     602
     630
     568
     630
     658
     607
     609
     631
     622
     619
     641
     591
     636
     626
     586
     591
     599
     584
     612
     583
     607
     596
     616
     602
     612
     563
     592
     570
     625
     578
     637
     580
     618
     596
     554
     600
     625
     618
     620
     630
     648
     633
     636
     671
     621
     640
     655
     719
     691
     645
     673
     791
     744
     759
     818
     831
     783
     841
     828
     937
     899
     995
     995
     952
    1077
    1044
    1131
    1183
    1170
    1249
    1189
    1258
    1314
    1405
    1488
    1474
    1504
    1577
    1667
    1674
    1758
    1767
    1870
    1989
    2035
    2056
    2049
    2197
    2223
    2250
    2333
    2341
    2437
    2466
    2464
    2529
    2636
    2534
    2683
    2657
    2700
    2696
    2748
    2747
    2750
    2822
    2812
    2709
    2772
    2706
    2715
    2752
    2665
    2670
    2574
    2566
    2499
    2521
    2398
    2261
    2197
    2180
    2124
    2130
    2002
    1974
    1897
    1789
    1763
    1652
    1643
    1581
    1536
    1378
    1392
    1284
    1272
    1170
    1154
    1117
    1049
     978
     954
     874
     861
     821
     770
     701
     661
     636
     559
     617
     599
     554
     512
     485
     475
     469
     471
     431
     431
     415
     434
     420
     388
     373
     373
     365
     377
     359
     351
     362
     370
     356
     364
     318
     312
     319
     354
     368
     340
     320
     352
     297
     325
     333
     327
     335
     337
     352
     314
     339
     310
     315
     308
     329
     362
     290
     307
     352
     340
     339
     333
     293
     335
     316
     327
     361
     287
     339
     294
     308
     319
     342
     339
     329
     317
     307
     330
     317
     321
     345
     290
     313
     308
     320
     297
     285
     308
     283
     306
     286
     291
     338
     321
     272
     256
     289
     302
     269
     352
     271
     285
     304
     317
     276
     268
     269
     277
     304
     290
     285
     307
     291
     298
     295
     295
     295
     303
     271
     283
     281
     278
     284
     274
     266
     302
     274
     298
     271
     316
     255
     293
     260
     271
     286
     305
     295
     288
     294
     252
     278
     275
     238
     282
     279
     246
     262
     262
     269
     290
     285
     296
     266
     254
     253
     298
     272
     239
     266
     252
     277
     287
     259
     243
     312
     251
     261
     245
     268
     266
     283
     256
     282
     275
     267
     284
     285
     273
     259
     261
     283
     208
     294
     268
     296
     264
     251
     249
     241
     246
     281
     276
     248
     268
     252
     253
     273
     273
     263
     254
     244
     268
     252
     253
     255
     251
     243
     246
     239
     277
     273
     264
     241
     277
     248
     229
     235
     253
     244
     243
     281
     252
     276
     233
     259
     254
     267
     249
     247
     228
     236
     276
     255
     236
     240
     253
     268
     234
     235
     251
     253
     250
     253
     245
     261
     270
     245
     257
     297
     275
     277
     266
     282
     310
     285
     286
     300
     292
     327
     313
     303
     326
     329
     319
     348
     368
     332
     349
     372
     362
     343
     354
     345
     375
     339
     385
     417
     380
     433
     411
     391
     468
     445
     437
     450
     474
     452
     415
     439
     479
     422
     450
     457
     477
     462
     472
     436
     459
     463
     442
     423
     426
     413
     445
     434
     421
     464
     395
     423
     412
     406
     421
     376
     353
     356
     366
     376
     351
     360
     332
     296
     324
     321
     294
     283
     255
     275
     297
     252
     234
     239
     267
     253
     223
     203
     213
     213
     213
     202
     229
     202
     170
     206
     193
     181
     215
     194
     192
     197
     172
     167
     186
     159
     183
     188
     165
     180
     165
     169
     167
     157
     174
     138
     156
     195
     173
     164
     139
     156
     163
     152
     163
     138
     132
     169
     157
     141
     138
     156
     163
     172
     154
     126
     154
     157
     160
     136
     155
     146
     171
     160
     161
     142
     147
     164
     158
     136
     148
     172
     139
     157
     160
     138
     121
     171
     182
     176
     139
     176
     169
     148
     144
     143
     154
     142
     174
     143
     165
     165
     139
     164
     179
     148
     163
     135
     169
     146
     171
     139
     140
     177
     157
     168
     148
     161
     160
     168
     159
     155
     152
     155
     176
     172
     173
     138
     165
     150
     146
     167
     163
     177
     174
     186
     168
     192
     186
     176
     209
     164
     204
     185
     184
     200
     201
     198
     197
     225
     226
     214
     209
     255
     221
     256
     231
     272
     275
     263
     303
     300
     327
     300
     329
     344
     324
     358
     365
     376
     355
     400
     384
     375
     401
     466
     428
     443
     473
     448
     497
     492
     482
     546
     526
     524
     589
     591
     585
     587
     600
     617
     591
     612
     640
     624
     637
     656
     672
     664
     652
     618
     690
     638
     667
     655
     678
     672
     620
     600
     546
     590
     633
     572
     555
     594
     553
     524
     525
     496
     507
     450
     498
     487
     430
     424
     427
     424
     422
     426
     395
     375
     347
     350
     311
     328
     291
     295
     303
     285
     278
     276
     241
     225
     240
     219
     205
     174
     184
     185
     177
     168
     164
     166
     155
     140
     137
     159
     135
     148
     135
     152
     138
     130
     117
     147
     128
     119
     123
     122
     121
     123
     116
      93
     123
     123
     110
     109
     106
     123
     125
     131
     113
     111
     115
     154
     147
     125
     123
      94
     121
     128
     120
     107
     117
     122
     132
     101
     113
     113
     109
     115
     103
     108
     125
     137
     101
     134
     126
     120
     102
     116
     117
     114
     131
     127
     124
     108
     124
     122
     135
     133
     135
     121
     146
     138
     144
     122
     117
     111
     127
     119
     139
     110
     152
     121
     138
     144
     141
     142
     134
     140
     131
     142
     120
     137
     137
     125
     128
     121
     113
     124
     129
     137
     133
     150
     142
     131
     128
     134
     131
     155
     128
     133
     127
     142
     125
     133
     113
     113
     120
     122
     141
     117
     147
     138
     132
     140
     121
     111
     141
     125
     139
     129
     100
     132
     130
     131
     131
     159
     122
     161
     147
     148
     120
     126
     124
     152
     118
     128
     157
     121
     148
     141
     133
     124
     143
     150
     136
     138
     120
     121
     116
     111
     119
     152
     140
     127
     147
     116
     121
     122
     122
     124
     114
      95
     117
     110
     106
     115
     121
      94
     102
     102
     113
     100
      84
      98
      92
      99
     108
     119
     108
     102
      91
     117
      91
     114
      95
      98
     101
     108
      94
     126
      99
     104
      98
      88
      93
     112
      93
     100
     111
     108
      87
     119
     110
     117
     110
     115
     118
     104
     111
      98
      90
      95
      88
      90
     105
      99
     102
      94
     108
     105
      97
     101
     120
      92
     107
      81
     101
     109
      94
     114
     102
     116
     101
     100
      85
     108
      91
      92
      97
     113
      98
     107
      94
     121
      84
     114
      96
     100
      99
     113
      97
      94
     105
      95
     107
      99
     110
     102
     114
     110
     101
      91
      86
     109
      95
     103
     100
     107
      87
     114
     114
      96
     100
      96
      87
     115
      75
     106
     106
      97
     107
     101
      96
     109
      98
     100
     112
      93
     103
      99
      98
     104
      73
      95
     110
     110
      98
     104
     100
      85
     104
     124
      95
      93
     108
     111
     113
      98
     103
     107
     101
     103
     104
     119
     120
     103
     109
     121
      95
     105
      96
      97
     119
     111
      98
      98
     105
     102
     130
      99
      99
     115
     102
     105
     117
     106
     111
      92
     113
      90
     104
      93
     102
     109
     111
     109
     102
      94
      95
     107
      87
     106
     130
     110
     113
     116
     124
     109
     111
     115
     109
     128
     105
     121
     104
      98
     109
      83
     128
     107
      94
      88
     119
     106
     123
     108
     113
     112
      91
     107
      94
      86
      87
      89
     103
     102
     117
      94
     107
      96
     104
      87
     108
      99
      91
      91
      93
      84
      88
      91
     106
      93
     114
      95
      92
      82
      77
      95
     101
      71
     102
      92
      83
      96
      83
      77
      98
      83
      77
     103
      82
      94
      89
      93
      85
      77
      87
      88
     102
      77
      73
      88
      68
      93
      83
      75
      93
     102
      86
      95
      83
      80
      94
      76
      85
      88
      80
      82
      88
      81
      90
     103
      98
      90
      85
      89
      89
      92
      82
      88
      76
      78
      89
      88
      93
      91
      70
      87
      75
     104
      86
      92
      82
      84
      83
      79
      86
      80
      99
      87
      84
      89
      85
     100
      88
     105
     106
      69
      88
      95
      95
     103
      88
     102
     108
      79
     117
     103
      81
     107
     103
      82
      91
      93
      83
      93
      84
      92
      95
      99
     101
      87
      96
     108
     109
      99
      91
     110
      95
      91
     101
     117
     109
     115
     102
     100
      74
      86
      96
      94
      94
      78
      91
     106
     110
      86
      98
      89
      99
      96
      80
      87
     110
      84
      93
      81
     107
      86
      94
     107
      96
      87
      94
      78
      90
      80
     101
      76
      89
     116
     108
      87
     105
     108
     118
     112
     111
      91
      87
      99
      97
      78
      79
     114
      75
      97
     107
      84
      75
      89
     105
      89
      95
      94
      91
      93
      87
      95
      97
      86
     107
      94
      83
      67
      91
     105
      97
      93
      84
      93
      98
      93
     111
      92
      84
      92
     110
     102
      92
      94
      82
     106
      97
     101
      98
      90
      98
     112
     109
     100
     109
      78
     108
     103
      92
      76
      94
      98
      90
     110
     114
      92
     101
     106
     113
      97
     134
     105
     121
     115
     111
     126
     112
     123
     121
     110
     133
     113
     123
     121
     124
     117
     124
     139
     133
     139
     131
     142
     133
     124
     137
     149
     145
     116
     138
     134
     139
     113
     123
     118
     143
     158
     134
     145
     150
     144
     138
     151
     138
     146
     145
     123
     139
     152
     124
     120
     137
     138
     118
     143
     121
     119
     114
     126
     110
     126
     106
     109
      98
      97
     109
     101
     100
     114
     121
     116
      90
      94
      95
      96
     110
      88
      80
      88
     100
      72
      93
     100
      87
      67
      77
      95
      84
      82
      81
      80
      58
      76
      74
      74
      96
      88
      90
      73
      85
      68
      70
     100
      75
      84
      92
      93
      79
      86
      79
      87
      83
      82
      69
      83
      82
      93
      60
      91
      87
      91
      75
      93
      78
      89
      95
      96
      75
      90
      77
      91
      75
      98
     106
     107
      77
      87
      89
     107
      88
      93
     121
      93
     102
      86
      91
     100
      84
     114
      79
     102
      73
      86
      88
      89
      71
      84
      75
      98
      93
      84
      76
      68
      75
      74
      76
      79
      84
      79
      85
      90
      89
      82
      92
      80
      81
      83
      82
      70
      67
      67
      81
      73
      63
      57
      53
      60
      57
      59
      67
      72
      79
      71
      77
      55
      66
      49
      69
      66
      64
      43
      63
      67
      54
      58
      53
      51
      53
      63
      65
      54
      53
      50
      68
      53
      57
      71
      52
      64
      60
      51
      55
      64
      57
      60
      49
      59
      58
      47
      61
      76
      46
      51
      59
      63
      59
      53
      82
      70
      65
      60
      69
      66
      74
      75
      61
      75
      87
      79
      57
      66
      68
      60
      88
      72
      98
      73
      77
      79
      82
      90
      63
      82
      83
      94
      97
      79
      93
      80
      95
      90
     114
     101
      97
     100
      83
      82
      99
      85
      98
      95
      87
      97
      99
      88
      70
      95
      80
      81
      65
      88
      66
      80
      73
      70
      83
      74
      78
      73
      63
      79
      67
      47
      61
      71
      60
      64
      61
      56
      53
      48
      62
      57
      45
      53
      49
      47
      48
      46
      48
      38
      45
      57
      40
      46
      36
      38
      39
      40
      51
      40
      39
      38
      39
      37
      43
      36
      31
      39
      35
      36
      39
      32
      42
      42
      33
      27
      33
      43
      40
      40
      40
      51
      38
      36
      33
      42
      39
      39
      38
      51
      37
      44
      41
      42
      42
      42
      55
      49
      44
      42
      37
      35
      37
      58
      40
      41
      40
      35
      48
      44
      55
      62
      52
      56
      45
      49
      49
      54
      72
      73
      46
      77
      67
      76
      76
      57
      74
      75
      69
      72
      85
      56
      72
      83
      65
      88
      75
      67
      76
      75
      86
      95
      76
     102
      89
      95
      75
      88
      90
      82
      98
      99
      83
     110
     102
      95
     105
      96
     103
     105
     109
     112
     104
     113
     124
      95
      76
     107
      91
     109
     102
      74
      88
     103
      91
      80
      94
      96
      78
      88
      80
      76
      84
      85
      76
      98
      97
      81
      74
      84
      72
      64
      72
      79
      70
      79
      67
      74
      72
      67
      52
      68
      53
      62
      51
      56
      57
      57
      47
      53
      53
      53
      53
      48
      39
      47
      59
      44
      60
      51
      60
      44
      49
      48
      48
      27
      39
      34
      36
      36
      44
      47
      32
      48
      36
      41
      48
      30
      34
      30
      33
      35
      40
      34
      32
      33
      25
      19
      32
      28
      41
      28
      25
      21
      31
      32
      33
      29
      32
      37
      26
      27
      36
      30
      27
      24
      27
      29
      31
      30
      24
      27
      29
      18
      25
      23
      20
      23
      22
      25
      22
      21
      19
      17
      15
      25
      22
      20
      19
      22
      13
      18
       8
      15
      16
      15
      24
      12
      17
      16
      13
      25
      11
      19
      11
      21
      10
      13
      18
      19
      15
      16
      15
      13
      13
      10
      12
       9
       9
      12
       8
      11
       6
      15
      20
       8
       9
      11
       7
      15
       4
      11
      12
      15
       7
      10
      14
      13
       7
      10
      14
      12
       9
       7
      11
      10
      21
      11
      12
      14
       9
       9
       8
       6
      10
       8
       6
      11
      10
      11
      17
      11
      12
       8
       8
       7
      10
       9
      10
      10
       6
       8
       9
       5
       5
       7
       8
      10
       7
       7
       4
      12
       8
      11
       5
      10
       9
       9
       7
      11
       9
       7
       8
      13
       4
       8
       6
      11
       6
       8
       5
      14
       7
       3
       7
       5
       9
       9
       7
       8
       7
       8
      11
       5
       8
       7
       5
      10
       7
       9
       8
      11
      10
       7
       7
       8
      10
      22
       6
      10
       7
      12
      12
      13
      11
      18
      18
      17
      16
      12
      27
      14
      18
      20
      27
      28
      19
      20
      31
      30
      23
      40
      33
      24
      40
      40
      44
      32
      27
      31
      35
      29
      42
      33
      35
      50
      58
      32
      50
      37
      45
      40
      41
      32
      38
      49
      40
      33
      48
      45
      37
      38
      47
      44
      39
      44
      47
      50
      42
      37
      35
      32
      35
      44
      36
      27
      29
      34
      36
      30
      31
      26
      24
      24
      28
      29
      16
      19
      19
      17
      16
      19
      12
      10
      19
      10
      11
      10
      13
       6
      11
      15
       8
       8
      11
       5
       5
       4
       4
       4
       6
       5
       4
       4
       4
       3
       4
       2
      11
       3
       2
       2
       1
       2
       1
       3
       5
       2
       3
       2
       6
       3
       0
       0
       1
       1
       0
       2
       1
       1
       4
       1
       2
       1
       1
       1
       3
       0
       2
       1
       2
       1
       1
       5
       2
       2
       3
       2
       0
       4
       0
       2
       2
       1
       0
       0
       0
       0
       0
       2
       0
       0
       3
       1
       3
       1
       1
       5
       0
       1
       0
       0
       1
       0
       0
       1
       2
       0
       0
       2
       1
       1
       2
       1
       0
       0
       1
       0
       0
       0
       0
       0
       1
       0
       0
       0
       1
       0
       0
       0
       1
       0
       2
       1
       0
       1
       0
       0
       1
       1
       1
       0
       0
       0
       0
       0
       0
       0
       0
       0
       0
       0
       1
       0
       0
       1
       0
       0
       0
       1
       0
       0
       0
       1
       0
       0
       0
       0
       2
       0
       0
       0
       0
       1
       1
       0
       0
       1
       0
       0
       1
       1
       1
       0
       0
       0
       1
       0
       1
       1
       0
       0
       0
       0
       0
       0
       0
       0
       0
       0
       1
       2
       0
       0
       0
       0
       1
       0
       0
       0
       0
       0
       0
       2
       0
       0
       1
       0
       0
       0
       0
       0
       1
       0
       0
       0
       1
       0
       0
       0
       0
       0
       0
       0
       0
       0
       0
       1
       0
       0
       1
       1
       1
       1
       0
       1
       0
       1
       0
       1
       0
       0
       0
       1
       0
       2
       1
       0
       0
       0
       0
       0
       0
       0
       0
       0
       1
       0
       0
       0
       1
       0
       1
       1
       0
       1
       1
       1
       0
       1
       1
       0
       1
       1
       1
       1
       0
       0
       0
       0
       0
       0
       1
       1
       0
       1
       0
       0
       1
       0
       0
       1
       1
       0
       0
       1
       0
       0
       0
       0
       0
       0
       1
       0
       0
       0
       1
       1
       0
       1
       1
       0
       2
       3
       1
       0
       1
       0
       0
       0
       1
       0
       0
       0
       1
       0
       0
       2
       0
       0
       2
       1
       1
       0
       0
       0
       3
       0
       0
       1
       0
       0
       4
       1
       1
       1
       0
       0
       0
       4
       0
       1
       0
       2
       1
       1
       0
       0
       0
       0
       0
       1
       0
       0
       0
       0
       0
       2
       2
       0
       1
       1
       0
       2
       2
       1
       2
       2
       0
       3
       0
       1
       2
       1
       1
       2
       0
       1
       1
       0
       0
       0
       0
       0
       0
       0
       1
       1
       0
       0
       0
       0
       1
       1
       2
       0
       0
       0
       0
       2
       0
       0
       2
       3
       2
       1
       3
       0
       1
       0
       1
       0
       2
       1
       2
       2
       0
       0
       0
       0
       1
       1
       1
       0
       2
       1
       0
       2
       1
       2
       2
       2
       1
       2
       0
       3
       3
       3
       3
       1
       2
       1
       1
       0
       1
       1
       3
       1
       0
       1
       1
       3
       1
       1
       0
       0
       1
       3
       0
       1
       1
       3
       1
       1
       1
       3
       1
       0
       1
       1
       1
       4
       3
       2
       3
       0
       1
       1
       2
       0
       3
       3
       1
       1
       0
       1
       0
       0
       0
       1
       3
       0
       2
       3
       5
       1
       2
       0
       2
       3
       1
       0
       1
       2
       0
       2
       0
       1
       0
       0
       1
       0
       0
       3
       0
       1
       2
       1
       1
       1
       2
       0
       2
       1
       2
       1
       1
       1
       0
       0
       0
       1
       0
       1
       2
       2
       0
       0
       1
       1
       1
       1
       2
       1
       3
       0
       0
       0
       1
       0
       2
       1
       0
       2
       0
       1
       2
       0
       1
       0
       0
       2
       1
       2
       0
       1
       0
       2
       2
       2
       1
       0
       1
       0
       3
       1
       2
       4
       1
       0
       1
       1
       0
       1
       1
       1
       2
       0
       2
       0
       2
       2
       0
       0
       0
       3
       2
       1
       1
       0
       3
       3
       1
       1
       3
       1
       2
       0
       2
       1
       1
       2
       1
       0
       3
       3
       0
       4
       0
       3
       2
       2
       2
       3
       2
       0
       1
       3
       1
       0
       2
       2
       3
       2
       3
       2
       1
       0
       1
       0
       1
       3
       4
       1
       0
       1
       0
       1
       0
       2
       3
       1
       0
       5
       3
       1
       1
       2
       0
       0
       0
       2
       2
       1
       0
       3
       1
       1
       0
       2
       0
       1
       1
       1
       1
       1
       0
       0
       0
       0
       0
       0
       1
       0
       0
       1
       2
       0
       0
       1
       3
       0
       0
       0
       2
       1
       1
       0
       1
       2
       2
       0
       1
       0
       2
       0
       0
       0
       0
       3
       0
       0
       1
       2
       2
       0
       1
       1
       1
       1
       0
       0
       1
       0
       0
       1
       0
       0
       0
       1
       1
       0
       0
       0
       1
       0
       3
       0
       0
       0
       0
       1
       2
       0
       0
       0
       0
       0
       0
       0
       1
       1
       0
       0
       1
       0
       1
       1
       0
       0
       2
       1
       0
       0
       1
       0
       0
       1
       0
       0
       1
       0
       0
       0
       1
       0
       0
       1
       1
       0
       0
       0
       0
       0
       2
       2
       0
       0
       1
       0
       0
       0
       0
       1
       2
       1
       1
       0
       0
       0
       1
       0
       0
       2
       1
       1
       1
       0
       1
       1
       0
       2
       1
       0
       1
       1
       1
       0
       0
       0
       0
       1
       0
       0
       0
       0
       1
       2
       1
       1
       0
       3
       0
       0
       0
       1
       0
       0
       2
       0
       0
       1
       0
       1
       1
       0
       0
       0
       0
       0
       1
       1
       1
       3
       0
       0
       1
       0
       0
       1
       0
       1
       0
       2
       1
       2
       1
       1
       2
       1
       0
       0
       0
       0
       1
       0
       1
       1
       0
       0
       0
       0
       0
       0
       1
       1
       0
       0
       0
       0
       0
       0
       0
       0
       0
       0
       0
       0
       0
       0
       0
       0
       0
       0
       0
       0
       0
       0
       0
       0
       0
       0
       0
       0
       0
       0
       0
       0
       0
       0
       0
       0
       0
       0
       0
       0
       0
       0
       0
       0
       0
       0
       0
       0
       0
       0
       0
       0
       0
       0
       0
       0
       0
       0
       0
       0
       0
       0
       0
       0
       0
       0
       0
       0
       1
       0
       0
       0
       0
       0
       0
       0
       0
       0
       0
       0
       0
       0
       0
       0
       0
       0
       0
       0
       0
       0
       0
       0
       0
       0
       0
       0
       0
       0
       0
       0
       0
       0
       0
       0
       0
       0
       0
       0
       0
       0
       0
       0
       0
       0
       0
       0
       0
       0
       0
       0
       0
       0
       0
       0
       0
       0
       0
       0
       0
       0
       0
       0
       0
       0
       0
       0
       0
       0
       0
       0
       0
       0
       0
       0
       0
       1
       0
       0
       0
       0
       0
       0
       1
       0
       0
       0
       0
       0
       0
       0
       0
       0
       0
       0
       0
       0
       0
       0
       0
       0
       0
       0
       0
       0
       0
       1
       0
       0
       0
       0
       0
       0
       0
       0
       0
       0
       0
       0
       0
       0
       0
       0
       0
       0
       0
       0
       0
       0
       0
       0
       0
       0
       0
       0
       0
       0
       0
       0
       0
       0
       0
       0
       0
       0
       0
       0
       0
       0
       0
       0
       0
       0
       0
       0
       0
       0
       0
       0
       0
       0
       0
       0
       0
       0
       0
       0
       0
       0
       0
       0
       0
       0
       0
       0
       0
       0
       0
       0
       0
       0
       0
       0
       0
       0
       0
       0
       0
       0
       0
       0
       0
       0
       0
       0
       0
       0
       0
       0
       0
       0
       0
       0
       0
       0
       0
       0
       0
       0
       0
       0
       0
       0
       1
       0
       0
       0
       0
       0
       0
       0
       0
       0
       0
       0
       0
       0
       0
       0
       0
       0
       0
       0
       0
       0
       0
       0
       0
       0
       0
       0
       0
       0
       0
       0
       0
       0
       0
       0
       0
       0
       0
       0
       0
       0
       0
       0
       0
       0
       0
       0
       0
       0
       0
       0
       1
       0
       0
       0
       0
       0
       0
       0
       0
       0
       0
       0
       0
       0
       0
       0
       0
       0
       0
       0
       0
       0
       0
       0
       0
       0
       0
       0
       0
       0
       0
       0
       0
       0
       0
       0
       0
       0
       0
       0
       0
       0
       0
       0
       1
       0
       0
       0
       0
       0
       0
       0
       0
       0
       0
       0
       0
       0
       0
       0
       0
       0
       0
       0
       0
       1
       0
       0
       0
       0
       0
       0
       0
       0
       0
       0
       0
       0
       0
       0
       0
       0
       0
       0
       0
       0
       0
       0
       0
       0
       0
       0
       0
       0
       0
       0
       0
       1
       0
       0
       0
       0
       0
       0
       0
       0
       0
       0
       0
       0
       0
       0
       0
       0
       0
       0
       0
       0
       0
       1
       0
       0
       0
       0
       0
       0
       0
       0
       0
       0
       0
       0
       0
       0
       0
       0
       0
       0
       0
       0
       0
       0
       0
       0
       0
       0
       0
       0
       0
       0
       0
       0
       0
       0
       0
       0
       0
       0
       0
       0
       0
       0
       0
       0
       0
       0
       0
       0
       0
       0
       0
       0
       0
       0
       0
       0
       0
       0
       0
       0
       0
       0
       0
       0
       0
       0
       0
       0
       0
       0
       0
       0
       0
       0
       0
       0
       0
       0
       0
       0
       0
       0
       0
       0
       0
       0
       0
       0
       0
       0
       0
       0
       0
       0
       0
       0
       0
       0
       0
       0
       0
       0
       0
       0
       0
       0
       0
       0
       0
       0
       0
       0
       0
       0
       0
       0
       0
       0
       0
       0
       0
       0
       0
       0
       0
       0
       0
       0
       0
       0
       0
       0
       0
       0
       0
       0
       0
       0
       0
       0
       0
       0
       0
       0
       0
       0
       0
       0
       0
       0
       0
       0
       0
       0
       0
       0
       0
       0
       0
       0
       0
       0
       0
       0
       0
       0
       0
       0
       0
       0
       0
       0
       0
       0
       0
       0
       0
       0
       0
       0
       0
       0
       0
       0
       0
       0
       0
       0
       0
       0
       0
       0
       0
       0
       0
       0
       0
       0
       0
       0
       0
       0
       0
       0
       0
       0
       0
       0
       0
       0
       0
       1
       0
       0
       0
       0
       0
       0
       0
       0
       0
       0
       0
       0
       0
       0
       0
       0
       0
       0
       0
       0
       0
       0
       0
       0
       0
       0
       0
       0
       0
       0
       0
       0
       0
       0
       0
       0
       0
       0
       0
       0
       0
       0
       0
       0
       0
       0
       1
       0
       0
       0
       0
       0
       1
       0
       0
       0
       0
       0
       0
       0
       0
       0
       0
       0
       0
       0
       0
       0
       1
       0
       0
       0
       0
       0
       0
       0
       0
       0
       0
       0
       0
       0
       0
       0
       0
       0
       0
       0
       0
       0
       0
       0
       0
       0
       0
       0
       0
       0
       0
       0
       0
       0
       0
       0
       0
       0
       0
       0
       0
       1
       0
       0
       0
       0
       0
       0
       0
       0
       0
       0
       0
       0
       0
       0
       0
       0
       0
       0
       0
       0
       0
       0
       0
       0
       0
       0
       0
       0
       0
       0
       0
       0
       0
       0
       0
       0
       0
       0
       0
       0
       0
       0
       0
       0
       0
       0
       0
       0
       0
       0
       0
       0
       0
       0
       0
       0
       0
       0
       0
       0
       0
       0
       0
       0
       0
       0
       0
       0
       1
       0
       0
       0
       0
       0
       0
       0
       0
       0
       0
       0
       0
       0
       0
       0
       0
       0
       0
       0
       0
       0
       0
       0
       0
       0
       0
       0
       0
       0
       0
       0
       0
       0
       0
       0
       1
       0
       0
       0
       0
       0
       0
       0
       0
       0
       0
       0
       0
       0
       0
       0
       0
       0
       0
       0
       0
       0
       0
       0
       0
       0
       0
       0
       0
       0
       0
       0
       0
       0
       0
       0
       0
       0
       0
       0
       0
       0
       0
       0
       0
       0
       0
       0
       0
       0
       0
       0
       0
       0
       0
       0
       0
       0
       0
       0
       0
       0
       0
       0
       0
       0
       0
       0
       0
       0
       0
       0
       0
       0
       0
       0
       0
       0
       0
       0
       0
       0
       0
       0
       1
       0
       0
       0
       0
       0
       0
       0
       0
       0
       0
       0
       0
       0
       0
       0
       0
       0
       0
       0
       0
       0
       0
       0
       0
       0
       0
       0
       0
       0
       0
       0
       0
       0
       0
       0
       0
       0
       0
       0
       0
       0
       0
       0
       0
       0
       0
       0
       0
       0
       0
       0
       0
       0
       0
       0
       0
       0
       0
       1
       0
       0
       0
       0
       0
       0
       0
       0
       0
       0
       0
       0
       0
       0
       0
       0
       0
       0
       0
       0
       0
       0
       0
       0
       0
       0
       0
       0
       0
       0
       0
       0
       0
       0
       0
       0
       0
       0
       0
       0
       0
       0
       0
       0
       0
       0
       0
       0
       0
       0
       0
       0
       0
       0
       0
       0
       0
       0
       0
       0
       0
       0
       1
       0
       0
       0
       0
       0
       0
       0
       0
       0
       0
       0
       0
       0
       0
       0
       0
       0
       0
       0
       0
       0
       0
       0
       0
       0
       0
       0
       0
       0
       0
       0
       0
       0
       0
       0
       0
       0
       0
       0
       0
       0
       0
       0
       0
       0
       0
       0
       0
       0
       0
       0
       0
       0
       0
       0
       0
       0
       0
       0
       0
       0
       0
       0
       0
       0
       0
       0
       0
       0
       0
       0
       0
       0
       0
       0
       0
       0
       0
       0
       0
       0
       0
       0
       0
       0
       0
       0
       0
       0
       0
       0
       2
       0
       0
       0
       0
       0
       0
       1
       0
       0
       0
       0
       0
       0
       0
       0
       0
       0
       0
       0
       0
       0
       0
       0
       0
       1
       0
       0
       0
       0
       0
       0
       0
       0
       0
       0
       0
       0
       0
       0
       0
       0
       0
       0
       0
       0
       0
       0
       0
       0
       0
       0
       0
       0
       0
       0
       0
       0
       0
       0
       0
       0
       0
       0
       0
       0
       0
       0
       1
       0
       0
       0
       0
       0
       0
       0
       0
       0
       0
       0
       0
       0
       0
       0
       0
       0
       0
       0
       0
       0
       0
       0
       0
       0
       0
       0
       0
       0
       0
       0
       0
       0
       0
       0
       0
       0
       0
       0
       0
       0
       0
       0
       0
       0
       0
       0
       0
       0
       0
       0
       0
       0
       0
       0
       0
       0
       0
       0
       0
       0
       0
       0
       0
       0
       0
       0
       0
       0
       0
       0
       0
       0
       0
       0
       0
       0
       0
       0
       0
       0
       0
       0
       0
       0
       0
       0
       0
       0
       0
       0
       0
       0
       0
       0
       0
       0
       0
       0
       0
       0
       0
       0
       0
       0
       0
       0
       1
       0
       0
       0
       0
       0
       0
       0
       0
       0
       0
       0
       0
       0
       0
       0
       0
       0
       1
       0
       0
       0
       0
       0
       0
       0
       0
       0
       0
       0
       0
       0
       1
       0
       1
       0
       0
       1
       0
       1
       0
       0
       0
       0
       0
       0
       0
       0
       0
       0
       0
       0
       0
       0
       0
       0
       0
       0
       0
       0
       0
       0
       0
       1
       0
       0
       0
       0
       0
       0
       0
       0
       0
       0
       0
       0
       0
       0
       0
       0
       0
       0
       0
       0
       0
       0
       0
       0
       0
       0
       0
       0
       0
       0
       0
       0
       0
       0
       0
       0
       0
       0
       0
       1
       0
       1
       0
       0
       0
       0
       0
       0
       0
       0
       0
       0
       0
       0
       0
       0
       0
       0
       0
       0
       0
       0
       0
       0
       1
       0
       0
       1
       0
       0
       0
       0
       0
       0
       0
       0
       0
       0
       0
       0
       0
       0
       0
       1
       0
       0
       0
       0
       0
       0
       0
       0
       0
       0
       0
       0
       0
       0
       0
       0
       0
       0
       0
       0
       0
       0
       0
       0
       1
       0
       0
       0
       0
       0
       0
       0
       0
       0
       0
       0
       0
       0
       0
       0
       0
       0
       0
       0
       0
       0
       0
       0
       0
       0
       0
       0
       0
       0
       0
       0
       0
       0
       0
       0
       0
       0
       1
       0
       0
       0
       0
       0
       0
       0
       0
       0
       0
       0
       0
       0
       0
       0
       0
       0
       0
       0
       0
       0
       0
       0
       0
       0
       0
       0
       0
       0
       0
       0
       0
       0
       0
       0
       0
       0
       0
       0
       0
       0
       0
       0
       0
       0
       0
       0
       0
       0
       0
       0
       0
       0
       0
       0
       0
       0
       0
       0
       0
       0
       0
       0
       0
       1
       0
       0
       0
       0
       0
       0
       0
       0
       0
       0
       0
       0
       0
       0
       0
       0
       0
       0
       0
       0
       0
       0
       0
       0
       0
       0
       0
       0
       0
       0
       0
       0
       0
       0
       0
       0
       0
       0
       0
       0
       0
       0
       0
       0
       0
       0
       0
       0
       0
       1
       0
       0
       0
       0
       0
       0
       0
       0
       0
       0
       0
       0
       0
       0
       0
       0
       0
       0
       0
       0
       0
       0
       0
       0
       0
       0
       0
       0
       0
       0
       0
       0
       0
       0
       0
       0
       0
       0
       0
       0
       0
       0
       0
       0
       0
       0
       0
       0
       0
       0
       0
       1
       0
       0
       0
       0
       0
       0
       0
       0
       0
       0
       0
       0
       0
       0
       0
       0
       0
       0
       0
       0
       1
       0
       0
       0
       0
       0
       0
       0
       0
       0
       0
       0
       0
       0
       0
       0
       0
       0
       1
       0
       0
       0
       0
       0
       0
       0
       0
       0
       0
       0
       0
       0
       0
       0
       0
       0
       0
       0
       0
       0
       0
       0
       0
       0
       0
       0
       0
       0
       0
       0
       0
       0
       0
       0
       0
       1
       0
       0
       1
       0
       0
       0
       0
       0
       0
       0
       0
       0
       1
       0
       0
       0
       0
       0
       0
       0
       0
       1
       0
       0
       0
       0
       0
       0
       0
       0
       0
       0
       0
       0
       0
       0
       0
       0
       0
       0
       0
       0
       0
       0
       0
       0
       0
       1
       0
       0
       0
       0
       0
       0
       0
       0
       0
       0
       0
       0
       0
       0
       0
       0
       0
       0
       0
       0
       0
       0
       0
       0
       0
       0
       0
       0
       0
       0
       0
       0
       0
       0
       0
       0
       0
       0
       0
       0
       0
       0
       0
       0
       0
       0
       0
       0
       0
       0
       0
       0
       0
       0
       0
       0
       0
       0
       0
       0
       0
       0
       0
       0
       0
       0
       0
       1
       0
       0
       0
       0
       0
       0
       0
       0
       0
       0
       0
       0
       0
       0
       0
       0
       0
       0
       0
       0
       0
       0
       0
       0
       0
       0
       0
       0
       0
       0
       0
       0
       0
       0
       0
       1
       0
       0
       0
       0
       0
       0
       0
       0
       0
       0
       0
       0
       0
       0
       0
       0
       0
       0
       0
       0
       0
       0
       0
       0
       0
       0
       0
       0
       0
       0
       0
       0
       0
       0
       0
       0
       0
       0
       0
       0
       0
       0
       0
       0
       0
       0
       0
       0
       0
       0
       0
       0
       0
       0
       0
       0
       0
       0
       0
       0
       0
       0
       0
       0
       0
       0
       0
       0
       0
       0
       0
       0
       0
       0
       0
       0
       0
       0
       0
       0
       0
       0
       0
       0
       0
       0
       0
       0
       0
       0
       0
       0
       0
       0
       0
       0
       0
       0
       0
       0
       0
       0
       0
       0
       0
       0
       0
       0
       0
       0
       0
       0
       0
       0
       0
       0
       0
       0
       0
       0
       0
       0
       0
       0
       0
       0
       0
       0
       0
       0
       0
       0
       0
       0
       0
       0
       0
       0
       0
       0
       0
       0
       0
       0
       0
       0
       0
       0
       0
       0
       0
       0
       0
       0
       0
       0
       0
       0
       0
       0
       0
       0
       0
       0
       0
       0
       0
       0
       0
       0
       0
       0
       0
       0
       0
       0
       0
       0
       0
       0
       0
       0
       0
       0
       0
       0
       0
       0
       0
       0
       0
       0
       0
       0
       0
       0
       0
       0
       0
       0
       0
       0
       0
       0
       0
       0
       0
       0
       0
       0
       0
       0
       0
       0
       0
       0
       0
       0
       0
       0
       0
       0
       0
       0
       0
       0
       0
       0
       0
       0
       0
       0
       0
       0
       0
       0
       0
       0
       0
       0
       0
       0
       0
       0
       0
       0
       0
       0
       0
       0
       0
       0
       0
       0
       0
       0
       0
       0
       0
       0
       0
       0
       0
       0
       0
       0
       0
       0
       0
       0
       0
       0
       0
       0
       0
       0
       0
       0
       0
       0
       0
       0
       0
       0
       0
       0
       0
       0
       0
       0
       0
       0
       0
       0
       0
       0
       0
       0
       0
       0
       0
       0
       0
       0
       0
       0
       0
       0
       0
       0
       0
       0
       0
       0
       0
       0
       0
       0
       0
       0
       0
       0
       0
       0
       0
       0
       0
       0
       0
       0
       0
       0
       0
       0
       0
       0
       0
       0
       0
       0
       0
       0
       0
       0
       0
       0
       0
       0
       0
       0
       0
       0
       0
       0
       0
       0
       0
       0
       0
       0
       0
       0
       0
       0
       0
       0
       0
       0
       0
       0
       0
       0
       0
       0
       0
       0
       0
       0
       0
       0
       0
       0
       0
       0
       0
       0
       0
       0
       0
       0
       0
       0
       0
       0
       0
       0
       0
       0
       0
       0
       0
       0
       0
       0
       0
       0
       0
       0
       0
       0
       0
       0
       0
       0
       0
       0
       0
       0
       0
       0
       0
       0
       0
       0
       0
       0
       0
       0
       0
       0
       0
       0
       0
       0
       0
       0
       0
       0
       0
       0
       0
       0
       0
       0
       0
       0
       0
       0
       0
       0
       0
       0
       0
       0
       0
       0
       0
       0
       0
       0
       0
       0
       0
       0
       0
       0
       0
       0
       0
       0
       0
       0
       0
       0
       0
       0
       0
       0
       0
       0
       0
       0
       0
       0
       0
       0
       0
       0
       0
       0
       0
       0
       0
       0
       0
       0
       0
       0
       0
       0
       0
       0
       0
       0
       0
       0
       0
       0
       0
       0
       0
       0
       0
       0
       0
       0
       0
       0
       0
       0
       0
       0
       0
       0
       0
       0
       0
       0
       0
       0
       0
       0
       0
       0
       0
       0
       0
       0
       0
       0
       0
       0
       0
       0
       0
       0
       0
       0
       0
       0
       0
       0
       0
       0
       0
       0
       0
       0
       0
       0
       0
       0
       0
       0
       0
       0
       0
       0
       0
       0
       0
       0
       0
       0
       0
       0
       0
       0
       0
       0
       0
       0
       0
       0
       0
       0
       0
       0
       0
       0
       0
       0
       0
       0
       0
       0
       0
       0
       0
       0
       0
       0
       0
       0
       0
       0
       0
       0
       0
       0
       0
       0
       0
       0
       0
       0
       0
       0
       0
       0
       0
       0
       0
       0
       0
       0
       0
       0
       0
       0
       0
       0
       0
       0
       0
       0
       0
       0
       0
       0
       0
       0
       0
       0
       0
       0
       0
       0
       0
       0
       0
       0
       0
       0
       0
       0
       0
       0
       0
       0
       0
       0
       0
       0
       0
       0
       0
       0
       0
       0
       0
       0
       0
       0
       0
       0
       0
       0
       0
       0
       0
       0
       0
       0
       0
       0
       0
       0
       0
       0
       0
       0
       0
       0
       0
       0
       0
       0
       0
       0
       0
       0
       0
       0
       0
       0
       0
       0
       0
       0
       0
       0
       0
       0
       0
       0
       0
       0
       0
       0
       0
       0
       0
       0
       0
       0
       0
       0
       0
       0
       0
       0
       0
       0
       0
       0
       0
       0
       0
       0
       0
       0
       0
       0
       0
       0
       0
       0
       0
       0
       0
       0
       0
       0
       0
       0
       0
       0
       0
       0
       0
       0
       0
       0
       0
       0
       0
       0
       0
       0
       0
       0
       0
       0
       0
       0
       0
       0
       0
       0
       0
       0
       0
       0
       0
       0
       0
       0
       0
       0
       0
       0
       0
       0
       0
       0
       0
       0
       0
       0
       0
       0
       0
       0
       0
       0
       0
       0
       0
       0
       0
       0
       0
       0
       0
       0
       0
       0
       0
       0
       0
       0
       0
       0
       0
       0
       0
       0
       0
       0
       0
       0
       0
       0
       0
       0
       0
       0
       0
       0
       0
       0
       0
       0
       0
       0
       0
       0
       0
       0
       0
       0
       0
       0
       0
       0
       0
       0
       0
       0
       0
       0
       0
       0
       0
       0
       0
       0
       0
       0
       0
       0
       0
       0
       0
       0
       0
       0
       0
       0
       0
       0
       0
       0
       0
       0
       0
       0
       0
       0
       0
       0
       0
       0
       0
       0
       0
       0
       0
       0
       0
       0
       0
       0
       0
       0
       0
       0
       0
       0
       0
       0
       0
       0
       0
       0
       0
       0
       0
       0
       0
       0
       0
       0
       0
       0
       0
       0
       0
       0
       0
       0
       0
       0
       0
       0
       0
       0
       0
       0
       0
       0
       0
       0
       0
       0
       0
       0
       0
       0
       0
       0
       0
       0
       0
       0
       0
       0
       0
       0
       0
       0
       0
       0
       0
       0
       0
       0
       0
       0
       0
       0
       0
       0
       0
       0
       0
       0
       0
       0
       0
       0
       0
       0
       0
       0
       0
       0
       0
       0
       0
       0
       0
       0
       0
       0
       0
       0
       0
       0
       0
       0
       0
       0
       0
       0
       0
       0
       0
       0
       0
       0
       0
       0
       0
       0
       0
       0
       0
       0
       0
       0
       0
       0
       0
       0
       0
       0
       0
       0
       0
       0
       0
       0
       0
       0
       0
       0
       0
       0
       0
       0
       0
       0
       0
       0
       0
       0
       0
       0
       0
       0
       0
       0
       0
       0
       0
       0
       0
       0
       0
       0
       0
       0
       0
       0
       0
       0
       0
       0
       0
       0
       0
       0
       0
       0
       0
       0
       0
       0
       0
       0
       0
       0
       0
       0
       0
       0
       0
       0
       0
       0
       0
       0
       0
       0
       0
       0
       0
       0
       0
       0
       0
       0
       0
       0
       0
       0
       0
       0
       0
       0
       0
       0
       0
       0
       0
       0
       0
       0
       0
       0
       0
       0
       0
       0
       0
       0
       0
       0
       0
       0
       0
       0
       0
       0
       0
       0
       0
       0
       0
       0
       0
       0
       0
       0
       0
       0
       0
       0
       0
       0
       0
       0
       0
       0
       0
       0
       0
       0
       0
       0
       0
       0
       0
       0
       0
       0
       0
       0
       0
       0
       0
       0
       0
       0
       0
       0
       0
       0
       0
       0
       0
       0
       0
       0
       0
       0
       0
       0
       0
       0
       0
       0
       0
       0
       0
       0
       0
       0
       0
       0
       0
       0
       0
       0
       0
       0
       0
       0
       0
       0
       0
       0
       0
       0
       0
       0
       0
       0
       0
       0
       0
       0
       0
       0
       0
       0
       0
       0
       0
       0
       0
       0
       0
       0
       0
       0
       0
       0
       0
       0
       0
       0
       0
       0
       0
       0
       0
       0
       0
       0
       0
       0
       0
       0
       0
       0
       0
       0
       0
       0
       0
       0
       0
       0
       0
       0
       0
       0
       0
       0
       0
       0
       0
       0
       0
       0
       0
       0
       0
       0
       0
       0
       0
       0
       0
       0
       0
       0
       0
       0
       0
       0
       0
       0
       0
       0
       0
       0
       0
       0
       0
       0
       0
       0
       0
       0
       0
       0
       0
       0
       0
       0
       0
       0
       0
       0
       0
       0
       0
       0
       0
       0
       0
       0
       0
       0
       0
       0
       0
       0
       0
       0
       0
       0
       0
       0
       0
       0
       0
       0
       0
       0
       0
       0
       0
       0
       0
       0
       0
       0
       0
       0
       0
       0
       0
       0
       0
       0
       0
       0
       0
       0
       0
       0
       0
       0
       0
       0
       0
       0
       0
       0
       0
       0
       0
       0
       0
       0
       0
       0
       0
       0
       0
       0
       0
       0
       0
       0
       0
       0
       0
       0
       0
       0
       0
       0
       0
       0
       0
       0
       0
       0
       0
       0
       0
       0
       0
       0
       0
       0
       0
       0
       0
       0
       0
       0
       0
       0
       0
       0
       0
       0
       0
       0
       0
       0
       0
       0
       0
       0
       0
       0
       0
       0
       0
       0
       0
       0
       0
       0
       0
       0
       0
       0
       0
       0
       0
       0
       0
       0
       0
       0
       0
       0
       0
       0
       0
       0
       0
       0
       0
       0
       0
       0
       0
       0
       0
       0
       0
       0
       0
       0
       0
       0
       0
       0
       0
       0
       0
       0
       0
       0
       0
       0
       0
       0
       0
       0
       0
       0
       0
       0
       0
       0
       0
       0
       0
       0
       0
       0
       0
       0
       0
       0
       0
       0
       0
       0
       0
       0
       0
       0
       0
       0
       0
       0
       0
       0
       0
       0
       0
       0
       0
       0
       0
       0
       0
       0
       0
       0
       0
       0
       0
       0
       0
       0
       0
       0
       0
       0
       0
       0
       0
       0
       0
       0
       0
       0
       0
       0
       0
       0
       0
       0
       0
       0
       0
       0
       0
       0
       0
       0
       0
       0
       0
       0
       0
       0
       0
       0
       0
       0
       0
       0
       0
       0
       0
       0
       0
       0
       0
       0
       0
       0
       0
       0
       0
       0
       0
       0
       0
       0
       0
       0
       0
       0
       0
       0
       0
       0
       0
       0
       0
       0
       0
       0
       0
       0
       0
       0
       0
       0
       0
       0
       0
       0
       0
       0
       0
       0
       0
       0
       0
       0
       0
       0
       0
       0
       0
       0
       0
       0
       0
       0
       0
       0
       0
       0
       0
       0
       0
       0
       0
       0
       0
       0
       0
       0
       0
       0
       0
       0
       0
       0
       0
       0
       0
       0
       0
       0
       0
       0
       0
       0
       0
       0
       0
       0
       0
       0
       0
       0
       0
       0
       0
       0
       0
       0
       0
       0
       0
       0
       0
       0
       0
       0
       0
       0
       0
       0
       0
       0
       0
       0
       0
       0
       0
       0
       0
       0
       0
       0
       0
       0
       0
       0
       0
       0
       0
       0
       0
       0
       0
       0
       0
       0
       0
       0
       0
       0
       0
       0
       0
       0
       0
       0
       0
       0
       0
       0
       0
       0
       0
       0
       0
       0
       0
       0
       0
       0
       0
       0
       0
       0
       0
       0
       0
       0
       0
       0
       0
       0
       0
       0
       0
       0
       0
       0
       0
       0
       0
       0
       0
       0
       0
       0
       0
       0
       0
       0
       0
       0
       0
       0
       0
       0
       0
       0
       0
       0
       0
       0
       0
       0
       0
       0
       0
       0
       0
       0
       0
       0
       0
       0
       0
       0
       0
       0
       0
       0
       0
       0
       0
       0
       0
       0
       0
       0
       0
       0
       0
       0
       0
       0
       0
       0
       0
       0
       0
       0
       0
       0
       0
       0
       0
       0
       0
       0
       0
       0
       0
       0
       0
       0
       0
       0
       0
       0
       0
       0
       0
       0
       0
       0
       0
       0
       0
       0
       0
       0
       0
       0
       0
       0
       0
       0
       0
       0
       0
       0
       0
       0
       0
       0
       0
       0
       0
       0
       0
       0
       0
       0
       0
       0
       0
       0
       0
       0
       0
       0
       0
       0
       0
       0
       0
       0
       0
       0
       0
       0
       0
       0
       0
       0
       0
       0
       0
       0
       0
       0
       0
       0
       0
       0
       0
       0
       0
       0
       0
       0
       0
       0
       0
       0
       0
       0
       0
       0
       0
       0
       0
       0
       0
       0
       0
       0
       0
       0
       0
       0
       0
       0
       0
       0
       0
       0
       0
       0
       0
       0
       0
       0
       0
       0
       0
       0
       0
       0
       0
       0
       0
       0
       0
       0
       0
       0
       0
       0
       0
       0
       0
       0
       0
       0
       0
       0
       0
       0
       0
       0
       0
       0
       0
       0
       0
       0
       0
       0
       0
       0
       0
       0
       0
       0
       0
       0
       0
       0
       0
       0
       0
       0
       0
       0
       0
       0
       0
       0
       0
       0
       0
       0
       0
       0
       0
       0
       0
       0
       0
       0
       0
       0
       0
       0
       0
       0
       0
       0
       0
       0
       0
       0
       0
       0
       0
       0
       0
       0
       0
       0
       0
       0
       0
       0
       0
       0
       0
       0
       0
       0
       0
       0
       0
       0
       0
       0
       0
       0
       0
       0
       0
       0
       0
       0
       0
       0
       0
       0
       0
       0
       0
       0
       0
       0
       0
       0
       0
       0
       0
       0
       0
       0
       0
       0
       0
       0
       0
       0
       0
       0
       0
       0
       0
       0
       0
       0
       0
       0
       0
       0
       0
       0
       0
       0
       0
       0
       0
       0
       0
       0
       0
       0
       0
       0
       0
       0
       0
       0
       0
       0
       0
       0
       0
       0
       0
       0
       0
       0
       0
       0
       0
       0
       0
       0
       0
       0
       0
       0
       0
       0
       0
       0
       0
       0
       0
       0
       0
       0
       0
       0
       0
       0
       0
       0
       0
       0
       0
       0
       0
       0
       0
       0
       0
       0
       0
       0
       0
       0
       0
       0
       0
       0
       0
       0
       0
       0
       0
       0
       0
       0
       0
       0
       0
       0
       0
       0
       0
       0
       0
       0
       0
       0
       0
       0
       0
       0
       0
       0
       0
       0
       0
       0
       0
       0
       0
       0
       0
       0
       0
       0
       0
       0
       0
       0
       0
       0
       0
       0
       0
       0
       0
       0
       0
       0
       0
       0
       0
       0
       0
       0
       0
       0
       0
       0
       0
       0
       0
       0
       0
       0
       0
       0
       0
       0
       0
       0
       0
       0
       0
       0
       0
       0
       0
       0
       0
       0
       0
       0
       0
       0
       0
       0
       0
       0
       0
       0
       0
       0
       0
       0
       0
       0
       0
       0
       0
       0
       0
       0
       0
       0
       0
       0
       0
       0
       0
       0
       0
       0
       0
       0
       0
       0
       0
       0
       0
       0
       0
       0
       0
       0
       0
       0
       0
       0
       0
       0
       0
       0
       0
       0
       0
       0
       0
       0
       0
       0
       0
       0
       0
       0
       0
       0
       0
       0
       0
       0
       0
       0
       0
       0
       0
       0
       0
       0
       0
       0
       0
       0
       0
       0
       0
       0
       0
       0
       0
       0
       0
       0
       0
       0
       0
       0
       0
       0
       0
       0
       0
       0
       0
       0
       0
       0
       0
       0
       0
       0
       0
       0
       0
       0
       0
       0
       0
       0
       0
       0
       0
       0
       0
       0
       0
       0
       0
       0
       0
       0
       0
       0
       0
       0
       0
       0
       0
       0
       0
       0
       0
       0
       0
       0
       0
       0
       0
       0
       0
       0
       0
       0
       0
       0
       0
       0
       0
       0
       0
       0
       0
       0
       0
       0
       0
       0
       0
       0
       0
       0
       0
       0
       0
       0
       0
       0
       0
       0
       0
       0
       0
       0
       0
       0
       0
       0
       0
       0
       0
       0
       0
       0
       0
       0
       0
       0
       0
       0
       0
       0
       0
       0
       0
       0
       0
       0
       0
       0
       0
       0
       0
       0
       0
       0
       0
       0
       0
       0
       0
       0
       0
       0
       0
       0
       0
       0
       0
       0
       0
       0
       0
       0
       0
       0
       0
       0
       0
       0
       0
       0
       0
       0
       0
       0
       0
       0
       0
       0
       0
       0
       0
       0
       0
       0
       0
       0
       0
       0
       0
       0
       0
       0
       0
       0
       0
       0
       0
       0
       0
       0
       0
       0
       0
       0
       0
       0
       0
       0
       0
       0
       0
       0
       0
       0
       0
       0
       0
       0
       0
       0
       0
       0
       0
       0
       0
       0
       0
       0
       0
       0
       0
       0
       0
       0
       0
       0
       0
       0
       0
       0
       0
       0
       0
       0
       0
       0
       0
       0
       0
       0
       0
       0
       0
       0
       0
       0
       0
       0
       0
       0
       0
       0
       0
       0
       0
       0
       0
       0
       0
       0
       0
       0
       0
       0
       0
       0
       0
       0
       0
       0
       0
       0
       0
       0
       0
       0
       0
       0
       0
       0
       0
       0
       0
       0
       0
       0
       0
       0
       0
       0
       0
       0
       0
       0
       0
       0
       0
       0
       0
       0
       0
       0
       0
       0
       0
       0
       0
       0
       0
       0
       0
       0
       0
       0
       0
       0
       0
       0
       0
       0
       0
       0
       0
       0
       0
       0
       0
       0
       0
       0
       0
       0
       0
       0
       0
       0
       0
       0
       0
       0
       0
       0
       0
       0
       0
       0
       0
       0
       0
       0
       0
       0
       0
       0
       0
       0
       0
       0
       0
       0
       0
       0
       0
       0
       0
       0
       0
       0
       0
       0
       0
       0
       0
       0
       0
       0
       0
       0
       0
       0
       0
       0
       0
       0
       0
       0
       0
       0
       0
       0
       0
       0
       0
       0
       0
       0
       0
       0
       0
       0
       0
       0
       0
       0
       0
       0
       0
       0
       0
       0
       0
       0
       0
       0
       0
       0
       0
       0
       0
       0
       0
       0
       0
       0
       0
       0
       0
       0
       0
       0
       0
       0
       0
       0
       0
       0
       0
       0
       0
       0
       0
       0
       0
       0
       0
       0
       0
       0
       0
       0
       0
       0
       0
       0
       0
       0
       0
       0
       0
       0
       0
       0
       0
       0
       0
       0
       0
       0
       0
       0
       0
       0
       0
       0
       0
       0
       0
       0
       0
       0
       0
       0
       0
       0
       0
       0
       0
       0
       0
       0
       0
       0
       0
       0
       0
       0
       0
       0
       0
       0
       0
       0
       0
       0
       0
       0
       0
       0
       0
       0
       0
       0
       0
       0
       0
       0
       0
       0
       0
       0
       0